coefficient_name:S20	estimate:f8	standard_error:f8	sub_model_id:i2	t_statistic:f8
biotech_chlcm	1	0	1	1000
CBAnwCty	0.1333002	0.077475078	1	1.720555902
CBAparis	-0.367143929	0.361393601	1	-1.015911579
CBAPC	-0.221542642	0.076095022	1	-2.911394596
CDGart	-0.00150743	0.008550596	1	-0.17629531
CDGhighw	0.00649519	0.004969873	1	1.306912661
CLCsPriceH	-0.076911874	0.172786266	1	-0.445127249
CLCsPriceH_HRRinc	1.186162829	0.365181714	1	3.24814415
clichy_montfermeil_chlcm	1	0	1	1000
CNGsubwSP_HBRcar0	0.074607551	0.018240657	1	4.090178967
CNGsubwSP_HBRcar1g	-0.003189425	0.016725093	1	-0.19069697
CNGtrainSt_HBRcar0	0.040202148	0.030383855	1	1.323141813
CNGtrainSt_HBRcar1g	-0.04002551	0.01801645	1	-2.221609116
CNRsUnitsH	1.88E-05	1.06E-05	1	1.769955635
confluence_chlcm	1	0	1	1000
CPBhghInc_HBRhghInc	0.018507432	0.005520985	1	3.352197409
CPBlowInc_HBRlowInc	0.004876433	0.004496674	1	1.084453464
CPBMedInc_HBRmedInc	0.000540514	0.00724959	1	0.074557826
CPInoise	-0.012628861	0.215971202	1	-0.058474746
CPOforest	0.20133315	0.129050747	1	1.560108423
CPOwater	0.876547277	0.624673307	1	1.40320909
CPRaft90	0.472831488	0.29940486	1	1.579237819
CPRam0_HBRam0	0.002650255	0.011834418	1	0.223944679
CPRam1g_HBRam1g	0.036303431	0.006370704	1	5.698496342
CPRbef15	1.42052567	0.241848812	1	5.873610497
CPRKfrgn_KBRfrgn	0.056717031	0.015473885	1	3.665338755
CPRKfrgn_KBRnoFrgn	-0.005364853	0.005621087	1	-0.954415679
CPRKmidAge_KBRmidAge	0.004068675	0.006422701	1	0.633483469
CPRKold_KBRold	-0.005410941	0.009737364	1	-0.555688441
CPRKyng_KBRyng	0.024136696	0.007271298	1	3.319448233
CREdensEmp	0.018287355	0.011038767	1	1.656648278
CRRdensPop	0.011487854	0.009862668	1	1.16478157
ctdtco_HBRcar0	-0.003183648	0.001242948	1	-2.561369419
ctdtco_HBRcar1g	0.002967333	0.00062947	1	4.714016914
ctdvpo_HBRcar0	-0.001415255	0.004918739	1	-0.287727296
ctdvpo_HBRcar1g	-0.000701266	0.002606087	1	-0.269087791
descartes_chlcm	1	0	1	1000
HBRsmeDept	3.197238207	0.051534534	1	62.04069519
la_defense_chlcm	1	0	1	1000
le_bourget_chlcm	1	0	1	1000
paris_pole_chlcm	1	0	1	1000
pleyel_chlcm	1	0	1	1000
roissy_chlcm	1	0	1	1000
saclay_chlcm	1	0	1	1000
val_de_france_gonesse_chlcm	1	0	1	1000
biotech_chlcm	1	0	2	1000
CBAnwCty	0.034786046	0.044780582	2	0.776810944
CBAparis	-0.087670729	0.064356603	2	-1.362264752
CBAPC	0.027928675	0.031385321	2	0.889864206
CDGart	-0.006942601	0.007024316	2	-0.988366961
CDGhighw	-0.017736673	0.005843611	2	-3.035224915
CLCsPriceF	-0.067807041	0.066891871	2	-1.013681293
CLCsPriceF_HRRinc	0.901559234	0.094887763	2	9.501322746
clichy_montfermeil_chlcm	1	0	2	1000
CLRsUnitsF	-0.032043297	0.012636572	2	-2.535758734
CNGsubwSP_HBRcar0	0.020910833	0.00245946	2	8.502203941
CNGsubwSP_HBRcar1g	-0.015023039	0.002546321	2	-5.89989996
CNGtrainSt_HBRcar0	-0.015523002	0.004518142	2	-3.435704231
CNGtrainSt_HBRcar1g	0.026525786	0.004848197	2	5.471268177
confluence_chlcm	1	0	2	1000
CPBhghInc_HBRhghInc	0.023241019	0.002700814	2	8.605190277
CPBlowInc_HBRlowInc	-0.011855795	0.002262914	2	-5.239171505
CPBMedInc_HBRmedInc	-0.025768014	0.003607214	2	-7.143466949
CPInoise	-0.068728149	0.13566564	2	-0.506599545
CPOforest	0.019377684	0.081338301	2	0.238235667
CPOwater	0.536512196	0.269466102	2	1.991019249
CPRaft90	1.123888612	0.165529266	2	6.78966713
CPRam0_HBRam0	0.035787988	0.005199216	2	6.883343697
CPRam1g_HBRam1g	0.026948448	0.003324106	2	8.106975555
CPRbef15	-0.14132984	0.083239034	2	-1.697879434
CPRKfrgn_KBRfrgn	0.074912667	0.006247289	2	11.99122906
CPRKfrgn_KBRnoFrgn	-0.003530831	0.002399477	2	-1.471500397
CPRKmidAge_KBRmidAge	0.006872474	0.003287283	2	2.090624094
CPRKold_KBRold	0.01329025	0.004380199	2	3.034165859
CPRKyng_KBRyng	0.037387107	0.002625577	2	14.23957539
CREdensEmp	3.45E-05	0.001033262	2	0.033430062
CRRdensPop	0.007657259	0.00146028	2	5.243693352
ctdtco_HBRcar0	-0.024493024	0.001438586	2	-17.02576447
ctdtco_HBRcar1g	0.010356909	0.001050402	2	9.859948158
ctdvpo_HBRcar0	0.001058927	0.002114064	2	0.500896215
ctdvpo_HBRcar1g	0.00724282	0.001517873	2	4.771690845
descartes_chlcm	1	0	2	1000
HBRsmeDept	2.485145092	0.01676744	2	148.2125549
la_defense_chlcm	1	0	2	1000
le_bourget_chlcm	1	0	2	1000
paris_pole_chlcm	1	0	2	1000
pleyel_chlcm	1	0	2	1000
roissy_chlcm	1	0	2	1000
saclay_chlcm	1	0	2	1000
val_de_france_gonesse_chlcm	1	0	2	1000
biotech_chlcm	1	0	3	1000
CBAnwCty	0.053308293	0.057750884	3	0.923073173
CBAparis	-0.127178133	0.177211896	3	-0.717661381
CBAPC	-0.085923307	0.053693555	3	-1.600253582
CDGart	-0.004469525	0.00670163	3	-0.666931093
CDGhighw	-0.004407599	0.003981635	3	-1.10698235
CLCrPriceH	-0.092983991	0.212870389	3	-0.436810344
CLCrPriceH_HRRinc	-0.949746668	0.211813897	3	-4.483873367
clichy_montfermeil_chlcm	1	0	3	1000
CLRrUnitsH	-0.030807123	0.021450561	3	-1.436191916
CNGsubwSP_HBRcar0	0.039027337	0.00737699	3	5.29041481
CNGsubwSP_HBRcar1g	-0.056176189	0.008011877	3	-7.011614323
CNGtrainSt_HBRcar0	0.013129449	0.013433971	3	0.977331996
CNGtrainSt_HBRcar1g	-0.024399418	0.012332208	3	-1.978511691
confluence_chlcm	1	0	3	1000
CPBhghInc_HBRhghInc	0.022900796	0.005364744	3	4.268758297
CPBlowInc_HBRlowInc	-0.000259723	0.003115426	3	-0.083366781
CPBMedInc_HBRmedInc	-0.035093993	0.005794058	3	-6.056893826
CPInoise	-0.002126446	0.166888088	3	-0.012741748
CPOforest	0.11128521	0.092731863	3	1.20007515
CPOwater	-0.338482589	0.428006142	3	-0.790835798
CPRaft90	0.343227774	0.238566905	3	1.438706517
CPRam0_HBRam0	0.040304106	0.007701033	3	5.233597279
CPRam1_HBRam1	-0.003008163	0.00467368	3	-0.643639028
CPRbef15	0.19284147	0.198516831	3	0.971411169
CPRKfrgn_KBRfrgn	0.049493201	0.008154313	3	6.069573402
CPRKfrgn_KBRnoFrgn	-0.00603342	0.004019289	3	-1.501116157
CPRKmidAge_KBRmidAge	0.008395701	0.00484886	3	1.731479168
CPRKold_KBRold	-0.007749255	0.008123257	3	-0.953959048
CPRKyng_KBRyng	0.02874049	0.004485507	3	6.407412052
CREdensEmp	-0.005955286	0.003338872	3	-1.783622503
CRRdensPop	0.00390998	0.004767392	3	0.820150852
ctdtco_HBRcar0	-0.006333683	0.000789487	3	-8.022527695
ctdtco_HBRcar1g	0.00119404	0.000520384	3	2.294535398
ctdvpo_HBRcar0	-0.007632808	0.003073268	3	-2.483613014
ctdvpo_HBRcar1g	0.00113836	0.002157204	3	0.527701557
descartes_chlcm	1	0	3	1000
HBRsmeDept	2.791678905	0.036342733	3	76.81533051
la_defense_chlcm	1	0	3	1000
le_bourget_chlcm	1	0	3	1000
paris_pole_chlcm	1	0	3	1000
pleyel_chlcm	1	0	3	1000
roissy_chlcm	1	0	3	1000
saclay_chlcm	1	0	3	1000
val_de_france_gonesse_chlcm	1	0	3	1000
biotech_chlcm	1	0	4	1000
CBAnwCty	0.149933994	0.016026234	4	9.355534554
CBAparis	-0.096005373	0.024129184	4	-3.978807211
CBAPC	0.010236809	0.011976636	4	0.85473156
CDGart	-0.012346505	0.002471898	4	-4.994748116
CDGhighw	-0.012927609	0.001714157	4	-7.54167223
CLCrPriceF	0.189703405	0.038211353	4	4.964582443
CLCrPriceF_HRRinc	0.316981941	0.046944335	4	6.752293587
clichy_montfermeil_chlcm	1	0	4	1000
CLRrUnitsF	-0.074546151	0.005096459	4	-14.62704754
CNGsubwSP_HBRcar0	0.024627378	0.000823279	4	29.91378403
CNGsubwSP_HBRcar1g	-0.027265418	0.000948701	4	-28.73974419
CNGtrainSt_HBRcar0	-0.006652369	0.001528916	4	-4.351037025
CNGtrainSt_HBRcar1g	0.032355677	0.002197997	4	14.72052765
confluence_chlcm	1	0	4	1000
CPBhghInc_HBRhghInc	0.041789137	0.001538062	4	27.16999054
CPBlowInc_HBRlowInc	-0.005604897	0.000751987	4	-7.45345211
CPBMedInc_HBRmedInc	-0.060604997	0.001418246	4	-42.7323494
CPInoise	-0.137865275	0.05040475	4	-2.735164404
CPOforest	0.081082143	0.029223904	4	2.774514437
CPOwater	-0.325409412	0.092838123	4	-3.505126953
CPRaft90	0.274708062	0.062760234	4	4.377103806
CPRam0_HBRam0	0.059827525	0.001474969	4	40.56188965
CPRam1g_HBRam1g	0.005454806	0.001120411	4	4.868576527
CPRbef15	-0.045962568	0.031806502	4	-1.44506824
CPRKfrgn_KBRfrgn	0.055353217	0.001608995	4	34.40234375
CPRKfrgn_KBRnoFrgn	-0.008583906	0.00088472	4	-9.702394485
CPRKmidAge_KBRmidAge	0.017321626	0.001400202	4	12.3708086
CPRKold_KBRold	-0.025346175	0.0020475	4	-12.37908363
CPRKyng_KBRyng	0.050210841	0.000946732	4	53.03594208
CREdensEmp	-0.001788059	0.000381443	4	-4.687623501
CRRdensPop	0.005625511	0.000528164	4	10.65106487
ctdtco_HBRcar0	-0.008999654	0.000344756	4	-26.10441971
ctdtco_HBRcar1g	0.00929913	0.00030797	4	30.19488335
ctdvpo_HBRcar0	-0.0015361	0.000662425	4	-2.318904638
ctdvpo_HBRcar1g	0.01190913	0.000607876	4	19.59136772
descartes_chlcm	1	0	4	1000
HBRsmeDept	2.476020813	0.007316488	4	338.4165649
la_defense_chlcm	1	0	4	1000
le_bourget_chlcm	1	0	4	1000
paris_pole_chlcm	1	0	4	1000
pleyel_chlcm	1	0	4	1000
roissy_chlcm	1	0	4	1000
saclay_chlcm	1	0	4	1000
val_de_france_gonesse_chlcm	1	0	4	1000
biotech_chlcm	1	0	5	1000
CBAnwCty	0.025116045	0.04270114	5	0.588182092
CBAparis	-0.478037685	0.277957946	5	-1.719820142
CBAPC	-0.312755585	0.043723963	5	-7.152956009
CDGart	0.004130413	0.005006656	5	0.824984312
CDGhighw	0.002728899	0.003072967	5	0.888033867
CLCsPriceH	-0.540376067	0.110756949	5	-4.878935814
CLCsPriceH_HRRinc	1.508058786	0.232604429	5	6.483362198
clichy_montfermeil_chlcm	1	0	5	1000
CLRsUnitsH	0.022059863	0.018789845	5	1.174031138
CNGsubwSP_HBRcar0	0.116054446	0.024006866	5	4.834218979
CNGsubwSP_HBRcar1g	-0.013633049	0.011460689	5	-1.18954885
CNGtrainSt_HBRcar0	0.035802368	0.036952283	5	0.968881071
CNGtrainSt_HBRcar1g	-0.005167915	0.009815478	5	-0.526506722
confluence_chlcm	1	0	5	1000
CPBhghInc_HBRhghInc	0.015453811	0.002005894	5	7.704202175
CPBlowInc_HBRlowInc	0.013216728	0.004813028	5	2.746032238
CPBMedInc_HBRmedInc	0.052175961	0.003982103	5	13.1026144
CPInoise	-0.003531325	0.13748233	5	-0.025685666
CPOforest	0.185727	0.078730978	5	2.359007835
CPOwater	0.723016083	0.372169554	5	1.942706108
CPRaft90	1.745102048	0.162800834	5	10.71924496
CPRam0_HBRam0	0.008730451	0.00777937	5	1.122256756
CPRam1g_HBRam1g	0.029030656	0.003444697	5	8.427638054
CPRbef15	1.351468086	0.176238254	5	7.66841507
CPRKfrgn_KBRfrgn	0.07450062	0.008444529	5	8.822353363
CPRKfrgn_KBRnoFrgn	-0.006602144	0.003251752	5	-2.030334234
CPRKmidAge_KBRmidAge	-0.004446881	0.003905996	5	-1.138475537
CPRKold_KBRold	0.024972182	0.005476835	5	4.55960083
CPRKyng_KBRyng	0.010894768	0.003711975	5	2.935032845
CREdensEmp	0.005281739	0.009359176	5	0.564338088
CRRdensPop	0.030895783	0.007186796	5	4.2989645
ctdtco_HBRcar0	-0.005515017	0.001678748	5	-3.285195351
ctdtco_HBRcar1g	0.001502513	0.000378393	5	3.970779419
ctdvpo_HBRcar0	-0.004523364	0.006332467	5	-0.71431303
ctdvpo_HBRcar1g	0.001184398	0.001430768	5	0.827805579
descartes_chlcm	1	0	5	1000
HBRsmeDept	2.81330514	0.030218212	5	93.09965515
la_defense_chlcm	1	0	5	1000
le_bourget_chlcm	1	0	5	1000
paris_pole_chlcm	1	0	5	1000
pleyel_chlcm	1	0	5	1000
roissy_chlcm	1	0	5	1000
saclay_chlcm	1	0	5	1000
val_de_france_gonesse_chlcm	1	0	5	1000
biotech_chlcm	1	0	6	1000
CBAnwCty	0.070946716	0.047483999	6	1.494118333
CBAparis	-0.174860075	0.080638424	6	-2.168446064
CBAPC	-0.035784796	0.032858446	6	-1.089059234
CDGart	-0.012127143	0.007528835	6	-1.610759497
CDGhighw	-0.009937204	0.006614901	6	-1.502245307
CLCsPriceF	-0.523981214	0.076352797	6	-6.862632751
CLCsPriceF_HRRinc	2.65598774	0.111759938	6	23.76511383
clichy_montfermeil_chlcm	1	0	6	1000
CLRsUnitsF	0.006817148	0.014404367	6	0.473269552
CNGsubwSP_HBRcar0	0.027532566	0.003635004	6	7.574288368
CNGsubwSP_HBRcar1g	-0.011650233	0.003079059	6	-3.783699512
CNGtrainSt_HBRcar0	-0.013181736	0.008180694	6	-1.611322522
CNGtrainSt_HBRcar1g	0.014395915	0.005019499	6	2.8679986
confluence_chlcm	1	0	6	1000
CPBhghInc_HBRhghInc	0.009898804	0.00193651	6	5.111673355
CPBlowInc_HBRlowInc	-0.000894227	0.004222223	6	-0.211790517
CPBMedInc_HBRmedInc	0.063664742	0.004068361	6	15.64874554
CPInoise	-0.332467437	0.144064128	6	-2.307773829
CPOforest	0.190684736	0.08614964	6	2.213413
CPOwater	0.676998258	0.300520897	6	2.252749443
CPRaft90	1.500037432	0.177845135	6	8.434514999
CPRam0_HBRam0	0.050255727	0.00643611	6	7.808401585
CPRam1g_HBRam1g	0.032239124	0.003557019	6	9.063522339
CPRbef15	0.056269009	0.103093565	6	0.545805275
CPRKfrgn_KBRfrgn	0.055186767	0.005936629	6	9.295976639
CPRKfrgn_KBRnoFrgn	-0.016546661	0.002681786	6	-6.170014381
CPRKmidAge_KBRmidAge	-0.002795096	0.003844147	6	-0.727104425
CPRKold_KBRold	0.030421723	0.004541041	6	6.6992836
CPRKyng_KBRyng	0.006772965	0.003023661	6	2.23998785
CREdensEmp	0.005303811	0.001323608	6	4.007085323
CRRdensPop	0.009917305	0.001813552	6	5.468441963
ctdtco_HBRcar0	-0.039697342	0.002331232	6	-17.02848244
ctdtco_HBRcar1g	0.004962701	0.0011193	6	4.433752537
ctdvpo_HBRcar0	-0.004004209	0.003661218	6	-1.093682289
ctdvpo_HBRcar1g	0.004130356	0.001470908	6	2.808031321
descartes_chlcm	1	0	6	1000
HBRsmeDept	2.408374548	0.019578723	6	123.0097885
la_defense_chlcm	1	0	6	1000
le_bourget_chlcm	1	0	6	1000
paris_pole_chlcm	1	0	6	1000
pleyel_chlcm	1	0	6	1000
roissy_chlcm	1	0	6	1000
saclay_chlcm	1	0	6	1000
val_de_france_gonesse_chlcm	1	0	6	1000
biotech_chlcm	1	0	7	1000
CBAnwCty	-0.134637952	0.053904381	7	-2.497718096
CBAparis	-0.839619935	0.20639798	7	-4.067965984
CBAPC	-0.183564067	0.052344382	7	-3.506853342
CDGart	-0.00032469	0.005882132	7	-0.055199422
CDGhighw	-0.004616041	0.003433447	7	-1.344433546
CLCrPriceH	0.195597917	0.184176445	7	1.062013745
CLCrPriceH_HRRinc	0.192324683	0.253382266	7	0.759029746
clichy_montfermeil_chlcm	1	0	7	1000
CLRrUnitsH	-0.031052671	0.019799909	7	-1.56832397
CNGsubwSP_HBRcar0	0.084103465	0.009967967	7	8.437374115
CNGsubwSP_HBRcar1g	-0.021848459	0.009381637	7	-2.328853607
CNGtrainSt_HBRcar0	0.007870836	0.021226671	7	0.370799363
CNGtrainSt_HBRcar1g	0.008795505	0.010815081	7	0.813262999
confluence_chlcm	1	0	7	1000
CPBhghInc_HBRhghInc	0.020386087	0.002480676	7	8.217955589
CPBlowInc_HBRlowInc	0.009878468	0.004033357	7	2.449192524
CPBMedInc_HBRmedInc	0.02357105	0.004104401	7	5.742871284
CPInoise	0.131143749	0.160090581	7	0.819184661
CPOforest	0.193610057	0.086886436	7	2.228311539
CPOwater	0.405555546	0.400686443	7	1.012151957
CPRaft90	0.928647935	0.200116679	7	4.640532494
CPRam0_HBRam0	0.03144601	0.010914763	7	2.881052732
CPRam1g_HBRam1g	0.00110794	0.003681483	7	0.300949216
CPRbef15	0.351262152	0.186283857	7	1.885628462
CPRKfrgn_KBRfrgn	0.044092942	0.007418835	7	5.943377972
CPRKfrgn_KBRnoFrgn	-0.007250794	0.003493348	7	-2.075600386
CPRKmidAge_KBRmidAge	0.004149633	0.004466914	7	0.928970933
CPRKold_KBRold	-0.008117992	0.007494515	7	-1.083191156
CPRKyng_KBRyng	0.004136074	0.003702957	7	1.116965175
CREdensEmp	-0.007505756	0.004086205	7	-1.836852551
CRRdensPop	0.018032512	0.005122455	7	3.520286798
ctdtco_HBRcar0	-0.009144257	0.001155959	7	-7.91053772
ctdtco_HBRcar1g	0.000629534	0.000451976	7	1.39284718
ctdvpo_HBRcar0	-0.012342695	0.004663408	7	-2.646711349
ctdvpo_HBRcar1g	0.000262468	0.001766679	7	0.148565799
descartes_chlcm	1	0	7	1000
HBRsmeDept	2.7798388	0.035215151	7	78.93871307
la_defense_chlcm	1	0	7	1000
le_bourget_chlcm	1	0	7	1000
paris_pole_chlcm	1	0	7	1000
pleyel_chlcm	1	0	7	1000
roissy_chlcm	1	0	7	1000
saclay_chlcm	1	0	7	1000
val_de_france_gonesse_chlcm	1	0	7	1000
biotech_chlcm	1	0	8	1000
CBAnwCty	0.08428169	0.019231612	8	4.382455826
CBAparis	-0.179057777	0.033188146	8	-5.395233154
CBAPC	0.006349441	0.014415155	8	0.440469831
CDGart	-0.008213193	0.003035453	8	-2.705755234
CDGhighw	-0.004966147	0.002174238	8	-2.284085989
CLCrPriceF	0.043174084	0.043032542	8	1.003289223
CLCrPriceF_HRRinc	2.547225952	0.068793692	8	37.02702713
clichy_montfermeil_chlcm	1	0	8	1000
CLRrUnitsF	-0.061552182	0.006380911	8	-9.646300316
CNGsubwSP_HBRcar0	0.02936518	0.001264511	8	23.22255135
CNGsubwSP_HBRcar1g	-0.011494312	0.001224801	8	-9.384634018
CNGtrainSt_HBRcar0	-0.008754533	0.002587604	8	-3.383258581
CNGtrainSt_HBRcar1g	0.033913933	0.002352501	8	14.41611671
confluence_chlcm	1	0	8	1000
CPBhghInc_HBRhghInc	0.031490132	0.000924898	8	34.04714966
CPBlowInc_HBRlowInc	0.007675561	0.001192149	8	6.438425541
CPBMedInc_HBRmedInc	0.029451009	0.001547608	8	19.03001404
CPInoise	-0.126372293	0.057863511	8	-2.18397212
CPOforest	0.115768239	0.0365564	8	3.166839123
CPOwater	0.133105844	0.119963787	8	1.109550238
CPRaft90	0.497715056	0.076651558	8	6.493215084
CPRam0_HBRam0	0.070495002	0.002898647	8	24.31996727
CPRam1g_HBRam1g	0.001280108	0.001379002	8	0.928286195
CPRbef15	0.197484657	0.043411825	8	4.549098492
CPRKfrgn_KBRfrgn	0.049553715	0.00177255	8	27.95617676
CPRKfrgn_KBRnoFrgn	-0.020607017	0.001070316	8	-19.25321579
CPRKmidAge_KBRmidAge	0.004531349	0.001759421	8	2.575476885
CPRKold_KBRold	0.002803048	0.002931522	8	0.956174791
CPRKyng_KBRyng	0.029372085	0.001248232	8	23.53095055
CREdensEmp	-0.002754066	0.000570366	8	-4.828597069
CRRdensPop	0.011030044	0.000754819	8	14.61284065
ctdtco_HBRcar0	-0.017143548	0.000555323	8	-30.8713131
ctdtco_HBRcar1g	0.004389653	0.000362432	8	12.11165047
ctdvpo_HBRcar0	-0.002197406	0.001008136	8	-2.179671526
ctdvpo_HBRcar1g	0.005637577	0.000640734	8	8.798625946
descartes_chlcm	1	0	8	1000
HBRsmeDept	2.448118925	0.00902281	8	271.325531
la_defense_chlcm	1	0	8	1000
le_bourget_chlcm	1	0	8	1000
paris_pole_chlcm	1	0	8	1000
pleyel_chlcm	1	0	8	1000
roissy_chlcm	1	0	8	1000
saclay_chlcm	1	0	8	1000
val_de_france_gonesse_chlcm	1	0	8	1000
biotech_chlcm	1	0	9	1000
CBAnwCty	0.036785562	0.038979992	9	0.943703651
CBAparis	-1.046571255	0.285190672	9	-3.669724703
CBAPC	-0.320238531	0.040217604	9	-7.962645531
CDGart	0.008877813	0.004825353	9	1.839826703
CDGhighw	-0.006749783	0.003175803	9	-2.125378847
CLCsPriceH	-0.348496199	0.111105859	9	-3.136614084
CLCsPriceH_HRRinc	1.872145176	0.247242585	9	7.572098255
clichy_montfermeil_chlcm	1	0	9	1000
CLRsUnitsH	0.042608675	0.017912768	9	2.378676176
CNGsubwSP_HBRcar0	0.107670039	0.025847388	9	4.165606022
CNGsubwSP_HBRcar1g	-0.009273066	0.01148631	9	-0.807314694
CNGtrainSt_HBRcar0	0.104617171	0.047632001	9	2.196363211
CNGtrainSt_HBRcar1g	-0.019700451	0.009130025	9	-2.15776515
confluence_chlcm	1	0	9	1000
CPBhghInc_HBRhghInc	0.013468185	0.001878663	9	7.169027805
CPBlowInc_HBRlowInc	0.013727317	0.005570062	9	2.464481831
CPBMedInc_HBRmedInc	0.062080007	0.003710533	9	16.73075104
CPInoise	-0.244748622	0.134225428	9	-1.823414683
CPOforest	0.093921639	0.074746653	9	1.256533027
CPOpark	-0.504745483	0.271589309	9	-1.858488083
CPOwater	1.090484977	0.351444155	9	3.102868557
CPRaft90	1.45694077	0.141309574	9	10.31027603
CPRam0_HBRam0	0.040983725	0.018623997	9	2.200587034
CPRam1g_HBRam1g	0.006200497	0.003075347	9	2.016194105
CPRbef15	0.756895363	0.174342826	9	4.341419697
CPRKfrgn_KBRfrgn	0.078560099	0.006867785	9	11.43892765
CPRKfrgn_KBRnoFrgn	-0.01136063	0.003029651	9	-3.74981451
CPRKmidAge_KBRmidAge	-0.017116584	0.00322866	9	-5.30145216
CPRKold_KBRold	0.039891403	0.007538212	9	5.291891575
CPRKyng_KBRyng	0.009489974	0.003201239	9	2.964468718
CREdensEmp	-0.013731231	0.010402832	9	-1.319951177
CRRdensPop	0.030529682	0.007064316	9	4.321675777
ctdtco_HBRcar0	-0.011622429	0.002553707	9	-4.551198483
ctdtco_HBRcar1g	0.000265375	0.000381926	9	0.69483465
ctdvpo_HBRcar0	0.000823122	0.008939629	9	0.092075624
ctdvpo_HBRcar1g	0.001758156	0.001299117	9	1.353346944
descartes_chlcm	1	0	9	1000
HBRsmeDept	2.806551695	0.02814807	9	99.70671844
la_defense_chlcm	1	0	9	1000
le_bourget_chlcm	1	0	9	1000
paris_pole_chlcm	1	0	9	1000
pleyel_chlcm	1	0	9	1000
roissy_chlcm	1	0	9	1000
saclay_chlcm	1	0	9	1000
val_de_france_gonesse_chlcm	1	0	9	1000
biotech_chlcm	1	0	10	1000
CBAnwCty	-0.079071634	0.060956094	10	-1.297189951
CBAparis	-0.591155887	0.113201819	10	-5.222141266
CBAPC	-0.080136299	0.042533722	10	-1.884065032
CDGart	-0.023299046	0.009927973	10	-2.346807957
CDGhighw	-0.029839013	0.008909389	10	-3.349164724
CLCsPriceF	-0.725233257	0.110527441	10	-6.561567307
CLCsPriceF_HRRinc	3.459363937	0.173059776	10	19.98941612
clichy_montfermeil_chlcm	1	0	10	1000
CLRsUnitsF	-0.009265983	0.019194059	10	-0.482752681
CNGsubwSP_HBRcar0	0.035196766	0.005769981	10	6.099979401
CNGsubwSP_HBRcar1g	0.000312308	0.004205417	10	0.07426329
CNGtrainSt_HBRcar0	-0.012605253	0.014442164	10	-0.872809112
CNGtrainSt_HBRcar1g	0.020379476	0.006693287	10	3.044763565
confluence_chlcm	1	0	10	1000
CPBhghInc_HBRhghInc	0.010718365	0.002518281	10	4.256223679
CPBlowInc_HBRlowInc	0.006352427	0.006523938	10	0.973710537
CPBMedInc_HBRmedInc	0.053074244	0.005467976	10	9.706378937
CPInoise	-0.268725187	0.174037471	10	-1.544065118
CPOforest	0.242140993	0.115172833	10	2.102414131
CPOpark	-0.837674618	0.289527804	10	-2.893244028
CPOwater	0.851126373	0.405099452	10	2.101030588
CPRaft90	1.365189433	0.243456125	10	5.607537746
CPRam0_HBRam0	0.134860784	0.018778974	10	7.181477547
CPRam1g_HBRam1g	0.004407913	0.004687259	10	0.940403223
CPRbef15	0.086875789	0.145423576	10	0.597398221
CPRKfrgn_KBRfrgn	0.057334032	0.006609006	10	8.67513752
CPRKfrgn_KBRnoFrgn	-0.025020136	0.003681504	10	-6.796171665
CPRKmidAge_KBRmidAge	-0.016788641	0.004700126	10	-3.571955442
CPRKold_KBRold	0.034199454	0.008805439	10	3.883901119
CPRKyng_KBRyng	-0.001953848	0.004135689	10	-0.472435921
CREdensEmp	0.003483984	0.001950699	10	1.786017656
CRRdensPop	0.008507132	0.002841508	10	2.99387908
ctdtco_HBRcar0	-0.037294596	0.003681575	10	-10.13006687
ctdtco_HBRcar1g	0.001768628	0.001589818	10	1.112471938
ctdvpo_HBRcar0	-0.009358193	0.005877639	10	-1.592168689
ctdvpo_HBRcar1g	-0.00145268	0.001850876	10	-0.784860551
descartes_chlcm	1	0	10	1000
HBRsmeDept	2.297088146	0.026111169	10	87.9733963
la_defense_chlcm	1	0	10	1000
le_bourget_chlcm	1	0	10	1000
paris_pole_chlcm	1	0	10	1000
pleyel_chlcm	1	0	10	1000
roissy_chlcm	1	0	10	1000
saclay_chlcm	1	0	10	1000
val_de_france_gonesse_chlcm	1	0	10	1000
biotech_chlcm	1	0	11	1000
CBAnwCty	-0.060577143	0.057611633	11	-1.051474094
CBAparis	-0.876151025	0.259228796	11	-3.379836798
CBAPC	-0.20249638	0.059711803	11	-3.391228676
CDGart	-0.005366162	0.006758952	11	-0.793934107
CDGhighw	-0.006661183	0.004089196	11	-1.628971338
CLCrPriceH	-0.07005199	0.219236791	11	-0.319526613
CLCrPriceH_HRRinc	-0.615239978	0.340945601	11	-1.804510713
clichy_montfermeil_chlcm	1	0	11	1000
CLRrUnitsH	-0.004433234	0.022631684	11	-0.195886165
CNGsubwSP_HBRcar0	0.085447706	0.014562254	11	5.867753029
CNGsubwSP_HBRcar1g	-0.012303859	0.011230988	11	-1.095527649
CNGtrainSt_HBRcar0	-0.021457959	0.03495134	11	-0.613938093
CNGtrainSt_HBRcar1g	-0.005968888	0.012487221	11	-0.477999747
confluence_chlcm	1	0	11	1000
CPBhghInc_HBRhghInc	0.023417281	0.002703517	11	8.661784172
CPBlowInc_HBRlowInc	0.011420501	0.004687832	11	2.436201334
CPBMedInc_HBRmedInc	0.018530296	0.004603015	11	4.025686741
CPInoise	-0.20440492	0.197327375	11	-1.035866976
CPOforest	0.034507114	0.100931406	11	0.341886789
CPOpark	0.168965399	0.371245056	11	0.45513171
CPOwater	-0.072155103	0.492491275	11	-0.146510422
CPRaft90	0.888916969	0.207773194	11	4.278304577
CPRam0_HBRam0	0.019601829	0.018708441	11	1.047753215
CPRam1g_HBRam1g	-0.001322077	0.004195326	11	-0.315130889
CPRbef15	0.328360409	0.22607328	11	1.452451229
CPRKfrgn_KBRfrgn	0.042567406	0.008307613	11	5.123903275
CPRKfrgn_KBRnoFrgn	-0.006090716	0.00403576	11	-1.509186864
CPRKmidAge_KBRmidAge	-0.001104491	0.004413208	11	-0.250269383
CPRKold_KBRold	0.023480041	0.011144743	11	2.106826544
CPRKyng_KBRyng	0.003641055	0.004198257	11	0.867277801
CREdensEmp	-0.002804653	0.006878599	11	-0.407736182
CRRdensPop	-0.001632294	0.007076598	11	-0.230660766
ctdtco_HBRcar0	-0.008409069	0.001533479	11	-5.483654499
ctdtco_HBRcar1g	0.00063353	0.00050267	11	1.260330915
ctdvpo_HBRcar0	-0.001494672	0.006308623	11	-0.2369252
ctdvpo_HBRcar1g	0.000240109	0.001935112	11	0.124080323
descartes_chlcm	1	0	11	1000
HBRsmeDept	2.825038671	0.041290671	11	68.41832733
la_defense_chlcm	1	0	11	1000
le_bourget_chlcm	1	0	11	1000
paris_pole_chlcm	1	0	11	1000
pleyel_chlcm	1	0	11	1000
roissy_chlcm	1	0	11	1000
saclay_chlcm	1	0	11	1000
val_de_france_gonesse_chlcm	1	0	11	1000
biotech_chlcm	1	0	12	1000
CBAnwCty	0.063204296	0.027228616	12	2.321245193
CBAparis	-0.412890673	0.052490812	12	-7.865961075
CBAPC	-0.044131324	0.020392166	12	-2.164131165
CDGart	-0.006738048	0.004386747	12	-1.536000967
CDGhighw	-1.57E-05	0.003124655	12	-0.005011315
CLCrPriceF	-0.080453336	0.06416931	12	-1.253766537
CLCrPriceF_HRRinc	3.281155348	0.109361768	12	30.00276375
clichy_montfermeil_chlcm	1	0	12	1000
CLRrUnitsF	-0.016197115	0.009243263	12	-1.75231576
CNGsubwSP_HBRcar0	0.026720231	0.002121626	12	12.59422207
CNGsubwSP_HBRcar1g	-0.002945592	0.001921254	12	-1.533161044
CNGtrainSt_HBRcar0	-0.012282329	0.004535373	12	-2.708118677
CNGtrainSt_HBRcar1g	0.01692657	0.003475806	12	4.869825363
confluence_chlcm	1	0	12	1000
CPBhghInc_HBRhghInc	0.032314431	0.001366615	12	23.64559364
CPBlowInc_HBRlowInc	0.0166215	0.001716742	12	9.682003021
CPBMedInc_HBRmedInc	0.02778923	0.002293339	12	12.1173687
CPInoise	-0.118960418	0.078394026	12	-1.517467856
CPOforest	-0.008107868	0.0540164	12	-0.150100112
CPOpark	-0.206554681	0.135083109	12	-1.529093385
CPOwater	0.424465716	0.172786385	12	2.456592321
CPRaft90	0.578393877	0.113064922	12	5.115590572
CPRam0_HBRam0	0.041743528	0.005855863	12	7.128500938
CPRam1g_HBRam1g	0.004658134	0.002009917	12	2.317575455
CPRbef15	0.262091756	0.06742698	12	3.88704586
CPRKfrgn_KBRfrgn	0.045703541	0.002119659	12	21.56174088
CPRKfrgn_KBRnoFrgn	-0.024312766	0.001507033	12	-16.13286591
CPRKmidAge_KBRmidAge	-0.014180863	0.002154097	12	-6.583206177
CPRKold_KBRold	0.008441203	0.005389389	12	1.566263556
CPRKyng_KBRyng	0.007757371	0.00188611	12	4.112894058
CREdensEmp	-0.003227616	0.000997247	12	-3.236526251
CRRdensPop	0.007543053	0.001394615	12	5.408699036
ctdtco_HBRcar0	-0.010016127	0.000833032	12	-12.02369404
ctdtco_HBRcar1g	0.003324291	0.000516266	12	6.43911171
ctdvpo_HBRcar0	-0.000441554	0.001455681	12	-0.303331643
ctdvpo_HBRcar1g	0.000785274	0.000881313	12	0.891027808
descartes_chlcm	1	0	12	1000
HBRsmeDept	2.494016886	0.012675432	12	196.7599182
la_defense_chlcm	1	0	12	1000
le_bourget_chlcm	1	0	12	1000
paris_pole_chlcm	1	0	12	1000
pleyel_chlcm	1	0	12	1000
roissy_chlcm	1	0	12	1000
saclay_chlcm	1	0	12	1000
val_de_france_gonesse_chlcm	1	0	12	1000
biotech_chlcm	1	0	13	1000
CBAnwCty	-0.054237746	0.036091659	13	-1.502777815
CBAparis	-1.277817369	0.263873786	13	-4.842532635
CBAPC	-0.423802555	0.037364256	13	-11.34245968
CDGart	0.00158674	0.004571217	13	0.347115427
CDGhighw	-0.004280153	0.003017606	13	-1.418393612
CLCsPriceH	-0.375282317	0.108255491	13	-3.466635466
CLCsPriceH_HRRinc	2.590125799	0.222077847	13	11.66314316
clichy_montfermeil_chlcm	1	0	13	1000
CLRsUnitsH	0.039938517	0.016433222	13	2.430352211
CNGsubwSP_HBRcar0	0.067068078	0.03957355	13	1.694770336
CNGsubwSP_HBRcar1g	0.012193956	0.010377805	13	1.175003409
CNGtrainSt_HBRcar0	0.024168052	0.065542631	13	0.368737906
CNGtrainSt_HBRcar1g	-0.000887672	0.008234192	13	-0.107803203
confluence_chlcm	1	0	13	1000
CPBhghInc_HBRhghInc	0.027158618	0.001602067	13	16.95223045
CPBlowInc_HBRlowInc	0.013485703	0.005135296	13	2.62608099
CPBMedInc_HBRmedInc	0.057903059	0.00347902	13	16.64349747
CPInoise	-0.118400298	0.120323636	13	-0.984015286
CPOforest	0.155582324	0.069038831	13	2.253548145
CPOpark	-0.029953742	0.245288193	13	-0.122116528
CPOwater	0.783844054	0.318269074	13	2.462834597
CPRaft90	1.093168616	0.12630941	13	8.654688835
CPRam0_HBRam0	0.038341716	0.02313469	13	1.657325745
CPRam1g_HBRam1g	0.00157651	0.00302722	13	0.520778358
CPRbef15	0.363227814	0.16120559	13	2.253196239
CPRKfrgn_KBRfrgn	0.068309367	0.005812396	13	11.75235939
CPRKfrgn_KBRnoFrgn	-0.004534492	0.002811613	13	-1.612772822
CPRKmidAge_KBRmidAge	-0.027008705	0.002841232	13	-9.50598526
CPRKold_KBRold	0.053313769	0.011044918	13	4.82699585
CPRKyng_KBRyng	0.002763416	0.003203174	13	0.862712026
CREdensEmp	0.002422417	0.008882321	13	0.272723436
CRRdensPop	0.0243901	0.006254795	13	3.899424076
ctdtco_HBRcar0	-0.014478606	0.00365798	13	-3.95808816
ctdtco_HBRcar1g	0.000212087	0.000374054	13	0.56699574
ctdvpo_HBRcar0	-0.005959916	0.01035698	13	-0.575449228
ctdvpo_HBRcar1g	0.000747207	0.001216597	13	0.614177823
descartes_chlcm	1	0	13	1000
HBRsmeDept	2.863422394	0.026283398	13	108.9441452
la_defense_chlcm	1	0	13	1000
le_bourget_chlcm	1	0	13	1000
paris_pole_chlcm	1	0	13	1000
pleyel_chlcm	1	0	13	1000
roissy_chlcm	1	0	13	1000
saclay_chlcm	1	0	13	1000
val_de_france_gonesse_chlcm	1	0	13	1000
biotech_chlcm	1	0	14	1000
CBAnwCty	-0.101295009	0.081792787	14	-1.238434553
CBAparis	-0.810391128	0.138870418	14	-5.83559227
CBAPC	-0.069771573	0.054731913	14	-1.274787784
CDGart	-0.017122643	0.01325789	14	-1.291505933
CDGhighw	-0.045191158	0.012037775	14	-3.754112244
CLCsPriceF	-0.989014685	0.150459498	14	-6.573295116
CLCsPriceF_HRRinc	3.575598717	0.226384848	14	15.79433727
clichy_montfermeil_chlcm	1	0	14	1000
CLRsUnitsF	0.053501196	0.025751963	14	2.077558041
CNGsubwSP_HBRcar0	0.042559385	0.008030847	14	5.299489021
CNGsubwSP_HBRcar1g	0.002460049	0.005217942	14	0.471459538
CNGtrainSt_HBRcar0	-0.073582634	0.02156614	14	-3.411952019
CNGtrainSt_HBRcar1g	0.005777428	0.008248825	14	0.700394094
confluence_chlcm	1	0	14	1000
CPBhghInc_HBRhghInc	0.019264176	0.003183376	14	6.051493645
CPBlowInc_HBRlowInc	0.014000498	0.008454968	14	1.655890107
CPBMedInc_HBRmedInc	0.052562144	0.0075204	14	6.989275455
CPInoise	-0.064229116	0.23873958	14	-0.269034207
CPOforest	0.65848887	0.150263295	14	4.38223362
CPOpark	0.331402838	0.368436307	14	0.899484754
CPOwater	0.920231223	0.542122781	14	1.697459102
CPRaft90	1.401937485	0.329964459	14	4.248753071
CPRam0_HBRam0	0.069807462	0.031084154	14	2.245757103
CPRam1g_HBRam1g	-0.000830928	0.006226506	14	-0.133450076
CPRbef15	0.080977187	0.176985651	14	0.457535326
CPRKfrgn_KBRfrgn	0.062250562	0.007629056	14	8.159667015
CPRKfrgn_KBRnoFrgn	-0.019337526	0.00468032	14	-4.131667614
CPRKmidAge_KBRmidAge	-0.009498509	0.00585832	14	-1.621370673
CPRKold_KBRold	0.035601508	0.013629731	14	2.612047672
CPRKyng_KBRyng	-0.016046211	0.005710929	14	-2.809737682
CREdensEmp	0.010988463	0.002353224	14	4.669535637
CRRdensPop	0.01280346	0.003515697	14	3.641798735
ctdtco_HBRcar0	-0.047791075	0.007512851	14	-6.361243248
ctdtco_HBRcar1g	0.004622487	0.002057867	14	2.246251106
ctdvpo_HBRcar0	0.004998551	0.008248691	14	0.605981052
ctdvpo_HBRcar1g	-0.005093308	0.00261451	14	-1.948092937
descartes_chlcm	1	0	14	1000
HBRsmeDept	2.434520483	0.033296984	14	73.11534882
la_defense_chlcm	1	0	14	1000
le_bourget_chlcm	1	0	14	1000
paris_pole_chlcm	1	0	14	1000
pleyel_chlcm	1	0	14	1000
roissy_chlcm	1	0	14	1000
saclay_chlcm	1	0	14	1000
val_de_france_gonesse_chlcm	1	0	14	1000
biotech_chlcm	1	0	15	1000
CBAnwCty	-0.067323424	0.057773087	15	-1.16530776
CBAparis	-0.528227091	0.319835007	15	-1.65156126
CBAPC	-0.379296988	0.062105242	15	-6.107326508
CDGart	-0.004569495	0.007001664	15	-0.652629852
CDGhighw	-0.000557809	0.004300747	15	-0.129700452
CLCrPriceH	0.598861396	0.229408637	15	2.610457182
CLCrPriceH_HRRinc	0.531977773	0.353834063	15	1.503466845
clichy_montfermeil_chlcm	1	0	15	1000
CLRrUnitsH	-0.00915627	0.023886127	15	-0.383330017
CNGsubwSP_HBRcar0	0.045103531	0.019118382	15	2.359170914
CNGsubwSP_HBRcar1g	-0.021172917	0.013573333	15	-1.559890747
CNGtrainSt_HBRcar0	0.01867339	0.043911785	15	0.425247818
CNGtrainSt_HBRcar1g	-0.029041799	0.012657576	15	-2.294420242
confluence_chlcm	1	0	15	1000
CPBhghInc_HBRhghInc	0.029914565	0.002359902	15	12.67618942
CPBlowInc_HBRlowInc	0.022221923	0.005434575	15	4.088990211
CPBMedInc_HBRmedInc	0.016741272	0.004656576	15	3.595189095
CPInoise	-0.096312724	0.206641674	15	-0.466085672
CPOforest	-0.095604979	0.102868609	15	-0.929389238
CPOpark	-0.002454224	0.371745467	15	-0.006601894
CPOwater	-0.055901237	0.486522913	15	-0.114899494
CPRaft90	0.755835652	0.195968449	15	3.856925249
CPRam0_HBRam0	0.027283853	0.021398449	15	1.275038838
CPRam1g_HBRam1g	0.00310676	0.004300965	15	0.722340345
CPRbef15	-0.443468958	0.236017138	15	-1.878969312
CPRKfrgn_KBRfrgn	0.045227848	0.008106606	15	5.579134941
CPRKfrgn_KBRnoFrgn	-0.007133897	0.004188466	15	-1.703224421
CPRKmidAge_KBRmidAge	-0.0189135	0.004212976	15	-4.489345074
CPRKold_KBRold	0.015981134	0.013856478	15	1.153333068
CPRKyng_KBRyng	0.003343272	0.004511023	15	0.741133809
CREdensEmp	-0.016223114	0.00641054	15	-2.530694008
CRRdensPop	-0.008688192	0.007454749	15	-1.165457368
ctdtco_HBRcar0	-0.018162766	0.002616704	15	-6.941084385
ctdtco_HBRcar1g	0.000161573	0.000558739	15	0.289174855
ctdvpo_HBRcar0	0.000185625	0.007879766	15	0.02355719
ctdvpo_HBRcar1g	-0.000533179	0.001934594	15	-0.27560252
descartes_chlcm	1	0	15	1000
HBRsmeDept	2.75301528	0.043416183	15	63.40988541
la_defense_chlcm	1	0	15	1000
le_bourget_chlcm	1	0	15	1000
paris_pole_chlcm	1	0	15	1000
pleyel_chlcm	1	0	15	1000
roissy_chlcm	1	0	15	1000
saclay_chlcm	1	0	15	1000
val_de_france_gonesse_chlcm	1	0	15	1000
biotech_chlcm	1	0	16	1000
CBAnwCty	0.081084155	0.035889614	16	2.259265184
CBAparis	-0.524162829	0.070791587	16	-7.40430975
CBAPC	-0.040090654	0.02637993	16	-1.519740701
CDGart	-0.009523155	0.005826802	16	-1.634370685
CDGhighw	0.001469136	0.004135472	16	0.355252296
CLCrPriceF	-0.305837244	0.086701192	16	-3.527486086
CLCrPriceF_HRRinc	3.60654664	0.147350818	16	24.47591782
clichy_montfermeil_chlcm	1	0	16	1000
CLRrUnitsF	-0.012398806	0.012386971	16	-1.000955462
CNGsubwSP_HBRcar0	0.024006886	0.002966435	16	8.092840195
CNGsubwSP_HBRcar1g	0.000716663	0.002555768	16	0.2804102
CNGtrainSt_HBRcar0	-0.008644071	0.006552267	16	-1.319249034
CNGtrainSt_HBRcar1g	0.02184833	0.004477239	16	4.8798666
confluence_chlcm	1	0	16	1000
CPBhghInc_HBRhghInc	0.039238632	0.001720521	16	22.8062439
CPBlowInc_HBRlowInc	0.019526772	0.002364658	16	8.257758141
CPBMedInc_HBRmedInc	0.026861195	0.003083248	16	8.71198082
CPInoise	0.063258283	0.103822947	16	0.609290004
CPOforest	0.03876245	0.069281176	16	0.559494674
CPOpark	0.038454574	0.175762638	16	0.218786955
CPOwater	0.162198484	0.22792317	16	0.711636662
CPRaft90	0.371729314	0.152896345	16	2.431250572
CPRam0_HBRam0	0.008996313	0.008794877	16	1.022903919
CPRam1g_HBRam1g	0.011573885	0.002782397	16	4.159681797
CPRbef15	0.187732399	0.090042092	16	2.084940434
CPRKfrgn_KBRfrgn	0.047498386	0.002595598	16	18.29959106
CPRKfrgn_KBRnoFrgn	-0.02551163	0.002050114	16	-12.44400597
CPRKmidAge_KBRmidAge	-0.017462661	0.002704808	16	-6.456155777
CPRKold_KBRold	0.009804359	0.007684002	16	1.275944233
CPRKyng_KBRyng	0.002345458	0.0027234	16	0.861224294
CREdensEmp	-0.001709455	0.001359885	16	-1.257058501
CRRdensPop	0.009105127	0.001888823	16	4.820530415
ctdtco_HBRcar0	-0.009054406	0.00121012	16	-7.482237339
ctdtco_HBRcar1g	0.00323891	0.000726319	16	4.459348679
ctdvpo_HBRcar0	0.005573901	0.002016801	16	2.763733387
ctdvpo_HBRcar1g	0.001568865	0.001166411	16	1.345036507
descartes_chlcm	1	0	16	1000
HBRsmeDept	2.577292681	0.016631778	16	154.9619446
la_defense_chlcm	1	0	16	1000
le_bourget_chlcm	1	0	16	1000
paris_pole_chlcm	1	0	16	1000
pleyel_chlcm	1	0	16	1000
roissy_chlcm	1	0	16	1000
saclay_chlcm	1	0	16	1000
val_de_france_gonesse_chlcm	1	0	16	1000
biotech_chlcm	1	0	17	1000
CBAnwCty	-0.126804903	0.062569275	17	-2.026632071
CBAparis	-1.1065768	0.415781409	17	-2.661438942
CBAPC	-0.39465487	0.058678892	17	-6.725670338
CDGartClse	0.012032964	0.016005732	17	0.751790941
CDGartFar	0.008011881	0.012113412	17	0.661405802
CDGhighwClse	-0.022420196	0.015477124	17	-1.4486022
CDGhighwFar	0.006563894	0.005984466	17	1.096822023
CLCsPriceH	-1.104122877	0.191719726	17	-5.759047031
CLCsPriceH_HRRinc	3.384146929	0.344012111	17	9.83728981
clichy_montfermeil_chlcm	1	0	17	1000
CLRsUnitsH	0.053263623	0.026765682	17	1.98999691
CNGsubwSP_HBRcar0	0.062721215	0.043004233	17	1.458489299
CNGsubwSP_HBRcar1g	-0.002265948	0.01586353	17	-0.142840073
CNGtrainSt_HBRcar0	0.147134721	0.087212868	17	1.687075853
CNGtrainSt_HBRcar1g	0.003007752	0.013303259	17	0.226091355
confluence_chlcm	1	0	17	1000
CPBhghInc_HBRhghInc	0.030624395	0.002457301	17	12.46261597
CPBlowInc_HBRlowInc	0.023072101	0.009169883	17	2.516073704
CPBMedInc_HBRmedInc	0.068122596	0.00643717	17	10.5826931
CPInoise	0.061570853	0.199766964	17	0.308213383
CPOforest	0.080409296	0.111633286	17	0.720298588
CPOpark	0.363636732	0.395290077	17	0.919923782
CPOwater	0.761175156	0.538738966	17	1.412883043
CPRaft90	1.199554443	0.207183018	17	5.789829731
CPRam0_HBRam0	0.030109707	0.040819656	17	0.737627685
CPRam1g_HBRam1g	5.70E-05	0.005177986	17	0.010999007
CPRbef15	0.208671525	0.267838925	17	0.779093325
CPRKfrgn_KBRfrgn	0.074475527	0.00812267	17	9.168848991
CPRKfrgn_KBRnoFrgn	-0.000660095	0.00453648	17	-0.14550826
CPRKmidAge_KBRmidAge	-0.031179305	0.004678013	17	-6.665074825
CPRKold_KBRold	0.024528021	0.015057434	17	1.628964186
CPRKyng_KBRyng	-0.004139313	0.006175028	17	-0.670331061
CREdensEmp	-0.003498843	0.013825459	17	-0.25307247
CRRdensPop	0.024356289	0.009891493	17	2.462347031
ctdtco_HBRcar0	-0.018693943	0.005724327	17	-3.265701294
ctdtco_HBRcar1g	0.000561038	0.000631746	17	0.888073981
ctdvpo_HBRcar0	-0.003060566	0.015583872	17	-0.196393192
ctdvpo_HBRcar1g	7.09E-05	0.002091622	17	0.033902999
descartes_chlcm	1	0	17	1000
HBRsmeDept	2.856489897	0.043508381	17	65.65378571
la_defense_chlcm	1	0	17	1000
le_bourget_chlcm	1	0	17	1000
paris_pole_chlcm	1	0	17	1000
pleyel_chlcm	1	0	17	1000
roissy_chlcm	1	0	17	1000
saclay_chlcm	1	0	17	1000
val_de_france_gonesse_chlcm	1	0	17	1000
biotech_chlcm	1	0	18	1000
CBAnwCty	-0.420473069	0.170961127	18	-2.459465981
CBAparis	-0.125579134	0.265531033	18	-0.472935796
CBAPC	0.105014354	0.105559617	18	0.994834542
CDGartClse	0.031399388	0.035210099	18	0.891772211
CDGartFar	0.013328956	0.061327349	18	0.217341125
CDGhighwClse	-0.001244725	0.032954123	18	-0.037771441
CDGhighwFar	-0.062276103	0.03621763	18	-1.719496965
CLCsPriceF	-1.669799328	0.286545753	18	-5.827339172
CLCsPriceF_HRRinc	4.34672308	0.402447492	18	10.80072117
clichy_montfermeil_chlcm	1	0	18	1000
CLRsUnitsF	0.04714106	0.050974425	18	0.92479825
CNGsubwSP_HBRcar0	0.02068113	0.01517915	18	1.362469554
CNGsubwSP_HBRcar1g	-0.010113107	0.009896165	18	-1.021921873
CNGtrainSt_HBRcar0	-0.126551062	0.038092904	18	-3.322168827
CNGtrainSt_HBRcar1g	0.027341081	0.015223673	18	1.795958281
confluence_chlcm	1	0	18	1000
CPBhghInc_HBRhghInc	0.02545803	0.005830857	18	4.366087437
CPBlowInc_HBRlowInc	0.014298301	0.01569506	18	0.91100651
CPBMedInc_HBRmedInc	0.038699742	0.015662275	18	2.470888853
CPInoise	0.09693338	0.47255078	18	0.205127969
CPOforest	0.424491435	0.297603846	18	1.426364064
CPOpark	0.163611591	0.694285214	18	0.235654727
CPOwater	1.385131359	1.045589447	18	1.32473731
CPRaft90	0.858739674	0.695132732	18	1.235360742
CPRam0_HBRam0	0.089122243	0.052407917	18	1.700549245
CPRam1g_HBRam1g	0.016490215	0.012303828	18	1.340250731
CPRbef15	-0.132336497	0.33797127	18	-0.391561389
CPRKfrgn_KBRfrgn	0.04211707	0.010812245	18	3.895312071
CPRKfrgn_KBRnoFrgn	-0.021146826	0.009340809	18	-2.263918161
CPRKmidAge_KBRmidAge	-0.005080754	0.011994148	18	-0.42360276
CPRKold_KBRold	-0.033382446	0.026851004	18	-1.243247628
CPRKyng_KBRyng	-0.044862676	0.012613751	18	-3.556648254
CREdensEmp	0.005236426	0.004451603	18	1.17630136
CRRdensPop	0.010837916	0.006908179	18	1.568852901
ctdtco_HBRcar0	-0.009433335	0.008492051	18	-1.110842943
ctdtco_HBRcar1g	0.008671492	0.004049646	18	2.141296387
ctdvpo_HBRcar0	-0.006791289	0.013463993	18	-0.50440377
ctdvpo_HBRcar1g	-0.001293014	0.005439249	18	-0.237719163
descartes_chlcm	1	0	18	1000
HBRsmeDept	2.270243168	0.060002957	18	37.8355217
la_defense_chlcm	1	0	18	1000
le_bourget_chlcm	1	0	18	1000
paris_pole_chlcm	1	0	18	1000
pleyel_chlcm	1	0	18	1000
roissy_chlcm	1	0	18	1000
saclay_chlcm	1	0	18	1000
val_de_france_gonesse_chlcm	1	0	18	1000
biotech_chlcm	1	0	19	1000
CBAnwCty	-0.135947332	0.08535251	19	-1.592774868
CBAparis	-1.289100766	0.485420525	19	-2.655637026
CBAPC	-0.29952389	0.092824332	19	-3.226782084
CDGartClse	0.021468878	0.023861462	19	0.899730206
CDGartFar	-0.047183331	0.019918954	19	-2.368765593
CDGhighwClse	0.019474717	0.022861402	19	0.851860106
CDGhighwFar	0.001223644	0.008066899	19	0.151686996
CLCrPriceH	0.349749386	0.372545987	19	0.93880862
CLCrPriceH_HRRinc	1.40352881	0.539974451	19	2.599250317
clichy_montfermeil_chlcm	1	0	19	1000
CLRrUnitsH	-0.002505867	0.036604837	19	-0.068457276
CNGsubwSP_HBRcar0	0.117434762	0.026588019	19	4.416830063
CNGsubwSP_HBRcar1g	0.017308746	0.019970734	19	0.866705537
CNGtrainSt_HBRcar0	0.052700173	0.053471148	19	0.985581458
CNGtrainSt_HBRcar1g	0.004035069	0.018839952	19	0.214176193
confluence_chlcm	1	0	19	1000
CPBhghInc_HBRhghInc	0.028181301	0.003549852	19	7.938725472
CPBlowInc_HBRlowInc	0.00749623	0.008598247	19	0.87183243
CPBMedInc_HBRmedInc	0.030132147	0.007818376	19	3.854016304
CPInoise	-0.246733114	0.365239143	19	-0.67553854
CPOforest	-0.012143377	0.160268098	19	-0.075769149
CPOpark	0.292802423	0.565561295	19	0.517720044
CPOwater	0.681889355	0.751808763	19	0.906998396
CPRaft90	1.256325603	0.272781342	19	4.605614185
CPRam0_HBRam0	0.020570435	0.031040855	19	0.66268903
CPRam1_HBRam1	0.012216221	0.009616827	19	1.270296454
CPRam2g_HBRam2g	0.012349652	0.005546089	19	2.226731777
CPRbef15	-0.156477332	0.377615273	19	-0.414382964
CPRKfrgn_KBRfrgn	0.053874176	0.011563363	19	4.659040451
CPRKfrgn_KBRnoFrgn	-0.022271827	0.006498101	19	-3.427436113
CPRKmidAge_KBRmidAge	-0.025245985	0.005833887	19	-4.32747221
CPRKold_KBRold	0.03459695	0.016985839	19	2.036811352
CPRKyng_KBRyng	-0.006497169	0.007445783	19	-0.872597218
CREdensEmp	-0.032549173	0.015324363	19	-2.124014854
CRRdensPop	0.010433343	0.01366542	19	0.763485014
ctdtco_HBRcar0	-0.003546184	0.002884546	19	-1.229373455
ctdtco_HBRcar1g	0.000836767	0.000880792	19	0.950016797
ctdvpo_HBRcar0	-0.036792785	0.011840095	19	-3.10747385
ctdvpo_HBRcar1g	0.000924625	0.003033041	19	0.304850787
descartes_chlcm	1	0	19	1000
HBRsmeDept	2.839685678	0.06772618	19	41.92892075
la_defense_chlcm	1	0	19	1000
le_bourget_chlcm	1	0	19	1000
paris_pole_chlcm	1	0	19	1000
pleyel_chlcm	1	0	19	1000
roissy_chlcm	1	0	19	1000
saclay_chlcm	1	0	19	1000
val_de_france_gonesse_chlcm	1	0	19	1000
biotech_chlcm	1	0	20	1000
CBAnwCty	0.13971442	0.054479353	20	2.564538956
CBAparis	-0.523942053	0.117210381	20	-4.470099449
CBAPC	-0.099207349	0.042419627	20	-2.338713408
CDGartClse	0.028109707	0.014505717	20	1.937836409
CDGartFar	0.026690165	0.019242739	20	1.387025237
CDGhighwClse	0.013919759	0.013462841	20	1.033939242
CDGhighwFar	0.021521896	0.009316174	20	2.31016469
CLCrPriceF	-0.494670808	0.145701215	20	-3.39510417
CLCrPriceF_HRRinc	4.097412109	0.248513699	20	16.4876709
clichy_montfermeil_chlcm	1	0	20	1000
CLRrUnitsF	0.074123316	0.021568382	20	3.436665535
CNGsubwSP_HBRcar0	0.004918466	0.004919288	20	0.999833047
CNGsubwSP_HBRcar1g	0.000436257	0.004291623	20	0.101653107
CNGtrainSt_HBRcar0	-0.043989159	0.010762986	20	-4.087077618
CNGtrainSt_HBRcar1g	0.011506779	0.007285372	20	1.579436064
confluence_chlcm	1	0	20	1000
CPBhghInc_HBRhghInc	0.042299427	0.002758326	20	15.33518028
CPBlowInc_HBRlowInc	0.015903179	0.004041221	20	3.935240507
CPBMedInc_HBRmedInc	0.03921495	0.005326634	20	7.36205101
CPInoise	-0.13097474	0.171242759	20	-0.764848351
CPOforest	0.179134354	0.115532093	20	1.550516009
CPOpark	0.118893482	0.278792292	20	0.426458985
CPOwater	0.05734019	0.364358723	20	0.157372907
CPRaft90	0.2571356	0.252752602	20	1.017341018
CPRam0_HBRam0	0.021743217	0.014946025	20	1.454782605
CPRam1_HBRam1	-0.020557052	0.006046021	20	-3.400095701
CPRam2g_HBRam2g	0.012085191	0.003658735	20	3.303106308
CPRbef15	0.136042431	0.15305981	20	0.888818741
CPRKfrgn_KBRfrgn	0.040127888	0.00351185	20	11.42642498
CPRKfrgn_KBRnoFrgn	-0.01720899	0.003195987	20	-5.384561539
CPRKmidAge_KBRmidAge	-0.018618673	0.004302001	20	-4.327910423
CPRKold_KBRold	0.00418271	0.010739068	20	0.389485419
CPRKyng_KBRyng	-0.000774759	0.005152058	20	-0.150378585
CREdensEmp	0.000191739	0.002217097	20	0.08648213
CRRdensPop	0.010666206	0.003154397	20	3.38137722
ctdtco_HBRcar0	-0.008393992	0.001812952	20	-4.630013943
ctdtco_HBRcar1g	0.002569315	0.001246939	20	2.060498714
ctdvpo_HBRcar0	0.005714126	0.002964288	20	1.927655816
ctdvpo_HBRcar1g	0.001639193	0.00197778	20	0.828804851
descartes_chlcm	1	0	20	1000
HBRsmeDept	2.726813793	0.026380097	20	103.3663254
la_defense_chlcm	1	0	20	1000
le_bourget_chlcm	1	0	20	1000
paris_pole_chlcm	1	0	20	1000
pleyel_chlcm	1	0	20	1000
roissy_chlcm	1	0	20	1000
saclay_chlcm	1	0	20	1000
val_de_france_gonesse_chlcm	1	0	20	1000
biotech_chlcm	1	0	21	1000
CBAnwCty	-0.006323769	0.102214508	21	-0.061867628
CBAparis	-0.434431016	0.504817247	21	-0.860570848
CBAPC	-0.364055961	0.086277455	21	-4.219595432
CDGartClse	-0.007919515	0.0277011	21	-0.285891682
CDGartFar	-0.009221215	0.022937816	21	-0.402009279
CDGhighwClse	0.003870582	0.025807593	21	0.149978429
CDGhighwFar	0.002774674	0.010436551	21	0.265861154
CLCrPriceF	-0.903964996	0.285566151	21	-3.165518761
CLCrPriceF_HRRinc	3.936877251	0.536195159	21	7.342247009
clichy_montfermeil_chlcm	1	0	21	1000
CLRrUnitsF	0.090421364	0.043478657	21	2.079672337
CNGsubwSP_HBRcar0	0.027760917	0.073615484	21	0.377107054
CNGsubwSP_HBRcar1g	-0.026892178	0.019237986	21	-1.397868633
CNGtrainSt_HBRcar0	0.098047778	0.082560286	21	1.187590122
CNGtrainSt_HBRcar1g	-0.011517139	0.020454867	21	-0.563051283
confluence_chlcm	1	0	21	1000
CPBhghInc_HBRhghInc	0.035539236	0.004249621	21	8.362919807
CPBlowInc_HBRlowInc	0.002373909	0.011718227	21	0.202582583
CPBMedInc_HBRmedInc	0.076182686	0.012667268	21	6.014137268
CPInoise	-0.028087527	0.343954355	21	-0.081660621
CPOforest	-0.350162238	0.191097125	21	-1.832378387
CPOpark	-2.610006332	0.594927847	21	-4.387097359
CPOwater	0.327025682	0.875608802	21	0.373483777
CPRaft90	0.640602648	0.337321758	21	1.899084926
CPRam0_HBRam0	0.025879495	0.042457465	21	0.60953933
CPRam1_HBRam1	0.033386458	0.012336509	21	2.706313133
CPRam2g_HBRam2g	0.001459073	0.006926704	21	0.210644573
CPRbef15	0.145809114	0.458596796	21	0.317946225
CPRKfrgn_KBRfrgn	0.083593063	0.008609249	21	9.709680557
CPRKfrgn_KBRnoFrgn	-0.005393131	0.007899014	21	-0.68276
CPRKmidAge_KBRmidAge	-0.038948569	0.007936032	21	-4.907813549
CPRKold_KBRold	-0.000933705	0.012198705	21	-0.076541327
CPRKyng_KBRyng	0.001533781	0.0128878	21	0.11901027
CREdensEmp	-0.01405312	0.015703164	21	-0.894922853
CRRdensPop	-0.003163119	0.014760969	21	-0.214289412
ctdtco_HBRcar0	-0.017608639	0.006720359	21	-2.620193005
ctdtco_HBRcar1g	0.00025689	0.00111542	21	0.230308175
ctdvpo_HBRcar0	0.028309513	0.014917046	21	1.897796154
ctdvpo_HBRcar1g	0.009155452	0.003523936	21	2.59807539
descartes_chlcm	1	0	21	1000
HBRsmeDept	3.078258038	0.071799077	21	42.87322617
la_defense_chlcm	1	0	21	1000
le_bourget_chlcm	1	0	21	1000
paris_pole_chlcm	1	0	21	1000
pleyel_chlcm	1	0	21	1000
roissy_chlcm	1	0	21	1000
saclay_chlcm	1	0	21	1000
val_de_france_gonesse_chlcm	1	0	21	1000
biotech_chlcm	1	0	22	1000
CBAnwCty	-0.616733253	0.26030314	22	-2.369288683
CBAparis	-0.172402367	0.429011196	22	-0.40185982
CBAPC	-0.196469605	0.153072342	22	-1.283508182
CDGartClse	0.152972311	0.064796187	22	2.360822678
CDGartFar	0.086618207	0.099828288	22	0.867671967
CDGhighwClse	0.098751985	0.059159495	22	1.669250011
CDGhighwFar	-0.025539918	0.066153444	22	-0.386070877
CLCrPriceF	-1.881113768	0.41771403	22	-4.503353119
CLCrPriceF_HRRinc	4.106545448	0.621326923	22	6.609314919
clichy_montfermeil_chlcm	1	0	22	1000
CLRrUnitsF	-0.042115048	0.085991934	22	-0.48975578
CNGsubwSP_HBRcar0	0.012928857	0.021055272	22	0.614043653
CNGsubwSP_HBRcar1g	0.000945301	0.015742036	22	0.060049467
CNGtrainSt_HBRcar0	-0.025143204	0.053024471	22	-0.474181145
CNGtrainSt_HBRcar1g	0.077452712	0.026665507	22	2.904603004
confluence_chlcm	1	0	22	1000
CPBhghInc_HBRhghInc	0.02611943	0.01063336	22	2.456366539
CPBlowInc_HBRlowInc	0.024918329	0.02219348	22	1.122776985
CPBMedInc_HBRmedInc	0.073488317	0.027994992	22	2.625052214
CPInoise	0.204423651	0.777143002	22	0.263045102
CPOforest	-0.079926096	0.544012129	22	-0.146919698
CPOpark	-0.882070482	1.218481421	22	-0.723909676
CPOwater	2.337643862	1.630538464	22	1.433663726
CPRaft90	0.657886326	1.325966358	22	0.496156126
CPRam0_HBRam0	0.106721692	0.089929454	22	1.186726809
CPRam1_HBRam1	-0.021351418	0.026217312	22	-0.814401507
CPRam2g_HBRam2g	0.012799967	0.015716624	22	0.81442219
CPRbef15	0.823818803	0.585917354	22	1.406032443
CPRKfrgn_KBRfrgn	0.009033824	0.014900098	22	0.606292963
CPRKfrgn_KBRnoFrgn	-0.062651627	0.016209131	22	-3.865205765
CPRKmidAge_KBRmidAge	-0.019624399	0.018809656	22	-1.043315172
CPRKold_KBRold	-0.013031648	0.031534497	22	-0.413250536
CPRKyng_KBRyng	-0.010280678	0.03430108	22	-0.299718797
CREdensEmp	-0.009314982	0.007219567	22	-1.290241122
CRRdensPop	-0.008926946	0.012620915	22	-0.707313716
ctdtco_HBRcar0	-0.040469538	0.015740436	22	-2.571055889
ctdtco_HBRcar1g	-0.003196534	0.005472567	22	-0.584101439
ctdvpo_HBRcar0	-0.011514407	0.015200251	22	-0.757514238
ctdvpo_HBRcar1g	0.001291915	0.009456787	22	0.136612475
descartes_chlcm	1	0	22	1000
HBRsmeDept	2.633478642	0.111197665	22	23.68285942
la_defense_chlcm	1	0	22	1000
le_bourget_chlcm	1	0	22	1000
paris_pole_chlcm	1	0	22	1000
pleyel_chlcm	1	0	22	1000
roissy_chlcm	1	0	22	1000
saclay_chlcm	1	0	22	1000
val_de_france_gonesse_chlcm	1	0	22	1000
biotech_chlcm	1	0	23	1000
CBAnwCty	0.151082993	0.131343976	23	1.150284886
CBAparis	-0.144796491	0.66245985	23	-0.218573987
CBAPC	-0.275121063	0.139800429	23	-1.967955828
CDGartClse	-0.025820371	0.037186328	23	-0.694351196
CDGartFar	-0.034160383	0.03071391	23	-1.112212062
CDGhighwClse	-0.026727773	0.036132015	23	-0.73972553
CDGhighwFar	0.004148492	0.012330322	23	0.336446375
CLCrPriceF	0.137935847	0.556625664	23	0.247807205
CLCrPriceF_HRRinc	2.278428078	0.772077918	23	2.951033831
clichy_montfermeil_chlcm	1	0	23	1000
CLRrUnitsF	0.046629485	0.054760449	23	0.851517558
CNGsubwSP_HBRcar0	-0.062560782	0.059281848	23	-1.055310965
CNGsubwSP_HBRcar1g	-0.026998952	0.028712729	23	-0.940312982
CNGtrainSt_HBRcar0	0.062510051	0.058071449	23	1.07643342
CNGtrainSt_HBRcar1g	-0.010145547	0.027050095	23	-0.375065118
confluence_chlcm	1	0	23	1000
CPBhghInc_HBRhghInc	0.029317755	0.005292969	23	5.539000034
CPBlowInc_HBRlowInc	0.028505923	0.012713616	23	2.242156982
CPBMedInc_HBRmedInc	0.040413473	0.013447381	23	3.005304337
CPInoise	0.526440144	0.479138345	23	1.098722577
CPOforest	0.049051888	0.24529539	23	0.199970692
CPOpark	0.956767142	0.835335433	23	1.145368814
CPOwater	-0.235827148	1.305119038	23	-0.180693969
CPRaft90	-0.502130449	0.497152627	23	-1.010012627
CPRam0_HBRam0	-0.028158562	0.036152106	23	-0.778891325
CPRam1_HBRam1	-0.000315546	0.014705258	23	-0.021458071
CPRam2g_HBRam2g	0.006064904	0.008639358	23	0.702008665
CPRbef15	0.269353151	0.571320295	23	0.471457362
CPRKfrgn_KBRfrgn	0.035887275	0.01275802	23	2.812918663
CPRKfrgn_KBRnoFrgn	-0.020761654	0.009678052	23	-2.14523077
CPRKmidAge_KBRmidAge	-0.024666753	0.00889758	23	-2.772299051
CPRKold_KBRold	-0.003656257	0.017739497	23	-0.206108257
CPRKyng_KBRyng	-0.018908054	0.014090818	23	-1.341870546
CREdensEmp	-0.027586659	0.021199791	23	-1.301270366
CRRdensPop	0.002126878	0.019200856	23	0.11076998
ctdtco_HBRcar0	-0.006329318	0.003438205	23	-1.840878367
ctdtco_HBRcar1g	0.000651363	0.001399934	23	0.465281188
ctdvpo_HBRcar0	-0.029563876	0.011946744	23	-2.4746387
ctdvpo_HBRcar1g	-0.003815655	0.004985694	23	-0.765320659
descartes_chlcm	1	0	23	1000
HBRsmeDept	2.970566273	0.103527449	23	28.69351387
la_defense_chlcm	1	0	23	1000
le_bourget_chlcm	1	0	23	1000
paris_pole_chlcm	1	0	23	1000
pleyel_chlcm	1	0	23	1000
roissy_chlcm	1	0	23	1000
saclay_chlcm	1	0	23	1000
val_de_france_gonesse_chlcm	1	0	23	1000
biotech_chlcm	1	0	24	1000
CBAnwCty	0.067018941	0.072190545	24	0.928361773
CBAparis	-0.751940072	0.160597846	24	-4.682130337
CBAPC	-0.164464653	0.057575792	24	-2.856489658
CDGartClse	0.030929532	0.020719405	24	1.492780924
CDGartFar	-0.023645818	0.024055853	24	-0.98295486
CDGhighwClse	0.003786135	0.018102799	24	0.20914641
CDGhighwFar	0.020854564	0.01224821	24	1.70266223
CLCrPriceF	-0.524052382	0.209913045	24	-2.496521235
CLCrPriceF_HRRinc	3.915471792	0.371425718	24	10.54173565
clichy_montfermeil_chlcm	1	0	24	1000
CLRrUnitsF	0.0621242	0.030974198	24	2.005675793
CNGsubwSP_HBRcar0	0.007527747	0.00663526	24	1.134506702
CNGsubwSP_HBRcar1g	0.002205996	0.00611124	24	0.360973626
CNGtrainSt_HBRcar0	-0.035757933	0.013557308	24	-2.637539148
CNGtrainSt_HBRcar1g	0.00811252	0.010709316	24	0.757519841
confluence_chlcm	1	0	24	1000
CPBhghInc_HBRhghInc	0.044045109	0.004208484	24	10.46579075
CPBlowInc_HBRlowInc	0.008643854	0.005272408	24	1.639450908
CPBMedInc_HBRmedInc	0.034036677	0.007862064	24	4.329229355
CPInoise	0.428618997	0.2307868	24	1.857207537
CPOforest	0.120170914	0.168862805	24	0.711648226
CPOpark	0.182979658	0.37653479	24	0.485956848
CPOwater	-1.215384364	0.468770355	24	-2.592707396
CPRaft90	0.402256131	0.319313139	24	1.259754419
CPRam0_HBRam0	0.021916633	0.017896514	24	1.224631429
CPRam1_HBRam1	-0.00618357	0.00830873	24	-0.744225621
CPRam2g_HBRam2g	0.01003373	0.005128153	24	1.956597447
CPRbef15	0.065441333	0.221805066	24	0.295039833
CPRKfrgn_KBRfrgn	0.030478636	0.003992441	24	7.634086132
CPRKfrgn_KBRnoFrgn	-0.018585054	0.004464192	24	-4.163139343
CPRKmidAge_KBRmidAge	-0.016585033	0.005972985	24	-2.776674271
CPRKold_KBRold	-0.002318498	0.010766048	24	-0.215352699
CPRKyng_KBRyng	0.011724928	0.008696773	24	1.34819293
CREdensEmp	0.002395357	0.003664738	24	0.653622746
CRRdensPop	0.008343965	0.004674985	24	1.78481102
ctdtco_HBRcar0	-0.010194357	0.00264635	24	-3.85223341
ctdtco_HBRcar1g	0.001993269	0.001715371	24	1.162004471
ctdvpo_HBRcar0	0.003028607	0.003779271	24	0.801373303
ctdvpo_HBRcar1g	-0.002545991	0.002766209	24	-0.92038995
descartes_chlcm	1	0	24	1000
HBRsmeDept	3.042017221	0.037701715	24	80.68643951
la_defense_chlcm	1	0	24	1000
le_bourget_chlcm	1	0	24	1000
paris_pole_chlcm	1	0	24	1000
pleyel_chlcm	1	0	24	1000
roissy_chlcm	1	0	24	1000
saclay_chlcm	1	0	24	1000
val_de_france_gonesse_chlcm	1	0	24	1000
