sub_model_id	t_statistic	estimate	coefficient_name	standard_error
2	-3.52508473396	-2.11676979065	act_2_2	0.615671753883
2	2.27052736282	0.215982168913	c750_2_1	0.0951242223382
2	2.28221297264	0.66849642992	di_2_1	0.29291588068
2	1.81131803989	0.490725874901	dloc_2_1	0.270921975374
2	3.16800761223	0.632548630238	dos_2_1	0.199667647481
2	-3.80162620544	-2.61227607727	dtim_2_1	0.687147021294
2	5.12426185608	8.48137133289e-005	hai_2_1	1.65514011314e-005
2	-3.86813282967	-2.74010396004	hd1_2_1	0.708378970623
2	-3.69307255745	-1.07200324535	hmps_2_1	0.290274083614
2	-2.85178279877	-0.676135361195	pfld_2_1	0.23709218204
2	4.8553276062	1.54986774921	pgr_2_1	0.319209724665
2	4.17877149582	1.70020437241	phu_2_1	0.406867057085
2	-9.50566673279	-3.06589531898	plu_2_1	0.322533428669
2	4.6730017662	0.981881916523	shei_2_1	0.210118040442
2	0.0	-0.629403352737	calibration_constant_2_1	0.0
3	-1.4425740242	-1.91674470901	act_3_2	0.73466950655
3	-1.51011502743	-0.935555756092	act_3_3	0.833468258381
3	-2.41329836845	-0.361036688089	amps_3_2	0.149603009224
3	4.21007442474	0.314192295074	c750_3_1	0.0746286809444
3	-5.15600395203	-0.941612303257	dag_3_2	0.182624429464
3	2.26634812355	0.171712860465	de_3_2	0.0757663175464
3	4.90162086487	1.14245700836	dpub_3_1	0.233077391982
3	2.8897459507	0.472737759352	dpub_3_2	0.163591459394
3	-2.90738677979	-1.51432716846	dtim_3_1	0.52085506916
3	-3.79517745972	-2.89544896077e-005	gai_3_2	7.62928493714e-006
3	5.48059654236	1.45718109608	gmps_3_1	0.265880018473
3	4.36088180542	0.000169445120264	hai_3_1	3.88557018596e-005
3	1.88054525852	7.3459064879e-005	hai_3_2	3.90626410081e-005
3	-12.9896907806	-7.79954385757	hd1_3_1	0.600441038609
3	-2.08291101456	-0.445359200239	pcf_3_2	0.213815763593
3	-4.34889268875	-0.780888020992	pfld_3_1	0.17956019938
3	-2.50162124634	-0.306375920773	pfld_3_2	0.12247095257
3	0.0167460162193	0.00350167928264	pgr_3_1	0.209105193615
3	7.34452629089	2.73876070976	phu_3_1	0.372898221016
3	3.58845424652	1.15157341957	phu_3_2	0.320910722017
3	-10.2566719055	-3.41831231117	plu_3_1	0.333276957273
3	-8.0857000351	-1.35328638554	pmf_3_2	0.167367860675
3	13.6181983948	3.86599802971	pmu_3_1	0.283884704113
3	15.7207174301	2.53391551971	pmu_3_2	0.161183193326
3	-4.79959440231	-1.15703415871	pslp_3_1	0.241069152951
3	-2.88154459	-1.91667711735	pwa_3_1	0.665156126022
3	2.00150799751	0.703891336918	shei_3_1	0.351680517197
3	2.81980895996	0.68727684021	shei_3_2	0.243731722236
3	2.30174589157	0.188851743937	ugl_3_2	0.0820471718907
3	0.0	-0.601867198944	calibration_constant_3_1	0.0
5	3.07410621643	4.1290622903e-005	aai_5_3	1.34317497213e-005
5	6.53290700912	5.03727722168	act_5_1	0.84122633934
5	5.03189706802	3.92761063576	act_5_2	0.765563368797
5	2.965498209	2.28532648087	act_5_3	0.592836916447
5	7.94368696213	4.39889478683	act_5_5	0.50115531683
5	2.96690917015	0.249622941017	c750_5_1	0.0841356888413
5	-3.50328755379	-1.32455205917	crit_5_1	0.37808829546
5	-5.42720460892	-0.977075099945	dag_5_2	0.180032849312
5	-3.77791929245	-2.77383422852	dcri_5_1	0.734222710133
5	1.06931984425	0.180413484573	dcri_5_2	0.168717980385
5	-3.38123750687	-0.947058975697	dloc_5_1	0.280092418194
5	-3.33363509178	-0.434997200966	dmu_5_2	0.130487337708
5	2.96963763237	1.12718868256	dnlr_5_1	0.37957111001
5	-2.42514133453	-0.22696775198	dres_5_2	0.0935894921422
5	-3.83464407921	-1.91619896889	dtim_5_2	0.499707102776
5	2.74498605728	1.5492156744	dtim_5_6	0.564380168915
5	5.66993904114	3.80463647842	dwat_5_1	0.671018958092
5	3.82478904724	2.01809239388	dwat_5_2	0.52763491869
5	2.48746442795	0.640473425388	dwet_5_3	0.257480412722
5	5.68652439117	9.51027686824e-005	gai_5_1	1.67242342286e-005
5	-5.89154100418	-6.88482250553e-005	gai_5_6	1.16859455375e-005
5	3.24081420898	0.851238846779	gmps_5_3	0.262662023306
5	3.01337456703	1.02623987198	h450_5_1	0.340561687946
5	-2.88840222359	-0.897209703922	h750_5_1	0.310624927282
5	7.05120992661	0.000198444307898	hai_5_1	2.81432985503e-005
5	3.97254180908	0.00010978255159	hai_5_2	2.76353421214e-005
5	-8.00657749176	-6.21356725693	hd1_5_1	0.776057839394
5	7.58385515213	2.33619093895	pcf_5_6	0.308047950268
5	-2.05902886391	-0.226489827037	pfld_5_2	0.109998367727
5	5.00113153458	1.15970814228	pgr_5_2	0.231889158487
5	2.87400579453	0.824455916882	pgr_5_3	0.28686645627
5	2.70143890381	0.899610877037	phu_5_1	0.333011746407
5	5.7136182785	1.63950002193	phu_5_2	0.286946028471
5	-17.5407581329	-4.55872917175	plu_5_1	0.259893506765
5	6.46908378601	1.67524576187	plu_5_3	0.258961826563
5	-4.11391687393	-0.962804079056	pmf_5_2	0.234035879374
5	21.783996582	4.65595436096	pmf_5_6	0.213732779026
5	17.7473602295	4.11230754852	pmu_5_1	0.23171377182
5	16.0750217438	3.89369106293	pmu_5_2	0.242219954729
5	8.37057590485	1.64771044254	pmu_5_3	0.196845531464
5	-2.97836899757	-0.363886326551	psg_5_1	0.122176378965
5	-3.70012593269	-1.2715280056	pslp_5_1	0.343644499779
5	-2.865036726	-1.18467628956	pstr_5_1	0.413494259119
5	-3.1942615509	-0.955497980118	pstr_5_2	0.299129545689
5	-4.46862268448	-0.599626600742	pub_5_1	0.134185999632
5	-2.46361231804	-0.516094088554	shei_5_1	0.209486722946
5	-3.83921575546	-0.346750289202	ugl_5_3	0.0903180018067
5	0.0	1.41584646702	calibration_constant_5_6	0.0
6	6.94374656677	7.26533107809e-005	aai_6_3	1.04631280919e-005
6	2.34775543213	1.1527557373	act_6_	0.672720372677
6	10.898229599	5.57122564316	act_6_2	0.499158233404
6	10.0672235489	5.52279901505	act_6_3	0.518883287907
6	8.19049167633	3.08785152435	act_6_6	0.235106036067
6	4.97783946991	0.630314409733	c450_6_1	0.12662409246
6	3.51099205017	0.301095634699	c750_6_2	0.0857580006123
6	5.5357632637	2.63564014435	dc_6_1	0.476111441851
6	4.02642154694	0.794377207756	dcri_6_1	0.197291120887
6	-5.00475263596	-0.762475907803	de_6_1	0.152350366116
6	1.90648579597	0.748728692532	dfre_6_1	0.392727136612
6	5.75395393372	2.80048942566	di_6_1	0.48670694232
6	-9.898478508	-2.9348347187	dloc_6_1	0.296493530273
6	-5.22276306152	-1.42358505726	dloc_6_2	0.272573143244
6	-6.24360179901	-1.51705420017	dloc_6_3	0.242977410555
6	3.64435696602	1.72662818432	dmu_6_1	0.473781317472
6	-2.87912154198	-0.7073751688	dnlr_6_3	0.24569131434
6	5.87867498398	2.58410763741	dos_6_1	0.439573168755
6	3.34155344963	0.294711768627	dos_6_2	0.0881960317492
6	-1.71963047981	-0.677532792091	dprd_6_1	0.393999040127
6	5.07491064072	2.23230266571	dres_6_1	0.439870327711
6	-4.69512748718	-2.02686572075	dtim_6_2	0.431695520878
6	-2.10880184174	-0.904015541077	dtim_6_3	0.428686827421
6	-3.19271850586	-4.09245003539e-005	gai_6_2	1.28180736283e-005
6	-2.28595948219	-2.48380456469e-005	gai_6_3	1.08654785436e-005
6	4.20404529572	4.2428215238e-005	gai_6_5	1.00922352431e-005
6	-2.97704195976	-0.187525808811	pcri_6_2	0.0629906505346
6	-5.43845272064	-1.10665881634	pes_6_3	0.203487828374
6	-4.94982337952	-1.20653307438	pgr_6_1	0.243752747774
6	-3.6214530468	-1.02571153641	pgr_6_2	0.283232033253
6	-3.39813995361	-0.897938132286	pgr_6_3	0.264243990183
6	6.33284473419	1.55730021	pgr_6_5	0.245908468962
6	3.15611124039	1.21645843983	phu_6_1	0.385429501534
6	-21.0914058685	-5.37448310852	plu_6_1	0.254818618298
6	-12.4692783356	-2.97134995461	plu_6_2	0.238293647766
6	-4.43119525909	-0.99725240469	plu_6_3	0.225052699447
6	-3.25780105591	-0.684098899364	pmf_6_2	0.209987923503
6	22.2033576965	5.7447052002	pmu_6_1	0.258731365204
6	16.8820095062	4.38979721069	pmu_6_2	0.260028153658
6	7.3043513298	1.74942934513	pmu_6_3	0.239505082369
6	6.73991012573	1.45514404774	pmu_6_5	0.215899631381
6	-10.5017929077	-2.8735833168	pslp_6_1	0.273627877235
6	-7.56695795059	-1.24932575226	pslp_6_2	0.165102764964
6	-5.97208690643	-0.741461634636	pslp_6_3	0.124154530466
6	-3.94464898109	-1.16506564617	pstr_6_1	0.295353472233
6	-6.82876586914	-0.988857388496	pub_6_2	0.144807621837
6	-5.17909431458	-0.557470977306	pub_6_3	0.107638701797
6	2.26122069359	0.972736954689	pwa_6_3	0.430182248354
6	-7.67510652542	-2.0323536396	pwet_6_1	0.264798074961
6	-6.67282009125	-1.41392540932	pwet_6_2	0.211893230677
6	7.53863525391	1.36910486221	shei_6_5	0.181611761451
6	-2.65835881233	-0.169450640678	tiv_6_2	0.0637425780296
6	2.19223284721	0.185059607029	ugl_6_3	0.0844160318375
6	2.19949364662	0.188647419214	ugl_6_5	0.0857685729861
6	0.0	0.146524101496	calibration_constant_6_5	0.0
7	10.343588829	0.000113186455565	aai_7_3	1.09426673589e-005
7	-4.2362780571	0.846093416214	act_7_7	0.22911721468
7	2.96302485466	0.375494539738	blmz_7_3	0.12672676146
7	-4.77968740463	-1.44022381306	dloc_7_3	0.301321744919
7	3.24625992775	0.72726380825	dpub_7_3	0.224031299353
7	2.63346791267	2.69382786751	pag_7_3	1.02292025089
7	-4.57066488266	-1.31491315365	pgr_7_3	0.28768530488
7	-5.33889770508	-1.145855546	pmf_7_3	0.214623987675
7	-3.48209381104	-1.07058632374	psg_7_3	0.307454735041
7	-2.61454296112	-0.31293591857	tiv_7_3	0.119690492749
7	2.97081279755	0.316097050905	ugl_7_3	0.106400862336
7	0.0	0.616910040379	calibration_constant_7_3	0.0
8	0.0	1.0	act_8_9	0.0
10	5.41295862198	7.4946845416e-005	aai_10_3	1.38458199217e-005
10	1.92067945004	-0.0475006699562	act_10_10	0.416526168585
10	4.32836675644	6.56880664825	act_10_5	1.39085948467
10	-3.93849015236	-0.53195643425	blmz_10_3	0.135066092014
10	6.86823225021	1.64393353462	dag_10_5	0.239353224635
10	-3.59724521637	-1.11969816685	dloc_10_3	0.311265438795
10	-3.64013075829	-1.71333396435	dnlr_10_5	0.47067925334
10	5.37896633148	2.94425439835	dpub_10_3	0.547364354134
10	6.43614673615	5.90420436859	dpub_10_5	0.917350828648
10	-3.41888856888	-3.97262167931	dtim_10_5	1.16196286678
10	-3.88697218895	-2.77116632462	dwat_10_5	0.712936997414
10	-14.2068319321	-6.2249341011	gmps_10_5	0.438164830208
10	3.29657721519	2.45615100861	h450_10_3	0.74506098032
10	-3.16396212578	-1.77491867542	h750_10_3	0.56097972393
10	2.35869240761	2.12523031235	pcf_10_5	0.901020467281
10	3.86212778091	0.473996758461	pfld_10_5	0.122729435563
10	-8.33689212799	-4.17519903183	pgr_10_3	0.500810027122
10	13.5377845764	4.06993198395	pgr_10_5	0.300635039806
10	5.67063522339	1.56620717049	plu_10_3	0.276196062565
10	-4.86538553238	-1.56029891968	pmf_10_3	0.32069376111
10	-2.71376824379	-0.762206852436	psg_10_3	0.280866593122
10	-2.04473209381	-0.572197079659	psg_10_5	0.279839634895
10	2.94724297523	1.15951490402	pub_10_3	0.393423587084
10	4.04633188248	2.3582572937	pub_10_5	0.582813560963
10	2.80335903168	1.47229516506	pwa_10_3	0.525189638138
10	5.24429702759	0.620871186256	ugl_10_3	0.11838978529
10	-2.57458043098	-0.443195074797	ugl_10_5	0.172142639756
10	0.0	0.490064322948	calibration_constant_10_3	0.0
11	0.0	1.0	act_11_11	0.0
12	0.0	1.0	act_12_12	0.0
13	0.0	1.0	act_13_13	0.0
14	0.0	1.0	act_14_14	0.0