37037	2900	20100	1	343	118	225	173	8	41	88	33	88	151	50	32	12	10	0	7	55	50	32	95	62	18	24	0	0
37037	2900	20100	2	836	308	528	505	24	18	215	74	215	270	159	152	20	20	0	63	83	111	47	132	287	67	46	0	0
37037	2900	20100	3	677	155	521	289	9	56	233	89	233	272	106	62	3	0	0	36	91	22	134	173	166	43	11	0	1
37037	2900	20100	4	485	109	376	241	10	76	108	50	108	199	78	62	38	0	0	114	10	58	67	63	115	47	11	0	0
37037	2900	20100	5	1290	196	1094	853	16	67	304	50	304	729	126	84	47	0	0	133	128	101	111	127	396	153	141	0	0
37037	2900	20100	6	909	241	668	612	39	46	143	69	143	475	147	59	54	17	14	99	115	46	67	105	135	93	249	0	0
37037	2900	20200	1	634	233	401	386	57	46	126	19	126	250	70	111	47	17	13	113	109	70	117	82	119	15	9	0	0
37037	2900	20200	2	538	144	373	326	17	41	96	37	96	229	117	61	8	0	6	69	28	94	53	84	98	69	22	21	0
37037	2900	20200	3	582	193	389	350	8	52	137	35	137	203	91	104	35	6	6	73	87	55	37	61	164	42	63	0	0
37037	2900	20200	4	766	193	530	474	18	39	173	19	173	269	156	76	31	7	11	126	75	51	66	102	209	84	10	43	0
37037	2900	20300	1	627	230	397	364	20	92	135	16	135	227	90	86	35	20	34	147	41	118	73	102	101	34	11	0	0
37037	2900	20300	2	389	112	277	200	29	39	87	34	87	123	107	48	24	0	0	70	42	88	46	31	95	0	17	0	0
37037	2900	20400	1	484	236	248	251	28	87	92	26	92	80	117	84	23	29	59	99	78	86	89	44	35	53	0	0	0
37037	2900	20400	2	878	241	637	352	97	136	250	43	250	283	130	76	103	36	0	166	165	187	171	81	91	8	9	0	0
37037	2900	20400	3	761	275	486	381	70	89	187	34	187	197	143	118	32	13	71	139	118	157	124	106	109	8	0	0	0
37037	2900	20400	4	493	126	236	256	19	7	63	17	63	145	66	37	42	9	0	35	34	40	51	66	96	21	19	131	0
37037	2900	20400	5	444	105	339	224	24	55	134	7	134	162	68	73	7	0	0	69	64	74	60	67	110	0	0	0	0
37037	2900	20400	6	283	124	159	164	0	23	70	26	70	59	54	29	18	29	24	69	60	25	40	21	56	12	0	0	0
37037	2900	20500	1	416	162	254	252	29	53	82	0	82	154	71	79	16	14	0	103	44	52	69	62	53	29	4	0	0
37037	2900	20500	2	562	176	386	355	28	41	124	14	124	204	124	57	38	15	0	132	67	59	98	107	84	15	0	0	0
37037	2900	20500	3	454	167	287	323	18	30	83	0	83	177	79	93	22	0	0	101	64	70	30	48	112	23	6	0	0
37037	2900	20600	1	391	108	248	195	11	57	78	15	78	119	91	64	0	0	4	47	34	48	39	78	84	26	0	35	0
37037	2900	20600	2	749	214	535	467	39	72	157	14	157	297	113	95	72	12	3	79	108	123	69	148	145	29	48	0	0
37037	2900	20600	3	498	126	372	277	25	45	131	20	131	177	91	81	18	0	0	82	85	72	56	91	77	24	11	0	0
37037	2900	20600	4	304	88	180	130	20	51	64	3	64	106	45	20	20	11	2	42	60	29	41	39	43	12	2	36	0
37037	2900	20700	1	1627	372	1165	839	23	85	531	59	531	588	150	188	59	6	15	141	129	138	175	219	482	161	92	90	0
37037	2900	20700	2	508	111	397	269	19	39	137	44	137	193	100	46	19	10	3	53	87	73	55	82	126	17	15	0	0
37037	2900	20700	3	410	94	316	228	18	48	88	28	88	174	94	28	26	0	0	58	60	83	59	71	67	6	6	0	0
37037	2900	20800	1	864	257	607	396	27	125	259	57	259	351	131	76	28	19	0	266	124	89	84	138	108	37	18	0	0
37037	2900	20800	2	1031	292	592	481	15	93	235	60	235	293	175	141	18	0	22	104	117	121	87	182	190	51	32	114	33
37037	2900	20800	3	583	151	329	287	0	69	114	10	114	139	106	71	41	6	3	37	85	45	50	67	113	54	29	103	0
37037	2900	20800	4	533	160	373	307	27	92	97	10	97	206	110	79	31	10	0	57	45	57	77	81	169	39	8	0	0
37063	2802	101	1	498	98	400	160	22	73	186	57	186	171	72	54	7	8	0	80	67	96	80	64	107	4	0	0	0
37063	2802	101	2	719	286	428	260	8	235	170	41	170	184	130	86	92	26	26	164	141	92	97	115	90	11	4	0	5
37063	2802	102	1	2144	469	1406	544	132	335	732	132	732	547	260	167	105	53	11	313	289	374	272	267	298	30	32	269	0
37063	2802	200	1	430	81	349	90	0	62	240	38	240	108	54	8	20	0	0	37	113	61	52	61	76	24	6	0	0
37063	2802	200	2	630	207	246	128	32	145	103	45	103	155	74	56	32	26	7	98	76	74	62	51	70	14	8	0	177
37063	2802	200	3	441	85	336	174	23	33	138	53	138	157	47	52	20	7	0	55	46	98	17	58	87	23	37	20	0
37063	2802	301	1	461	92	369	96	15	105	192	53	192	142	66	38	0	19	4	93	98	108	81	27	35	13	6	0	0
37063	2802	301	2	233	77	156	71	17	56	56	33	56	68	10	39	29	21	10	42	42	54	22	27	34	12	0	0	0
37063	2802	301	3	331	34	297	55	12	34	211	19	211	48	34	26	9	3	0	74	76	74	13	32	40	15	7	0	0
37063	2802	302	1	364	81	280	114	26	45	107	69	107	178	34	20	14	8	0	16	51	32	34	70	88	56	14	0	3
37063	2802	302	2	526	124	402	73	37	69	244	103	244	101	93	42	42	0	4	103	88	115	70	65	37	32	16	0	0
37063	2802	302	3	811	153	652	266	39	44	311	145	311	283	113	73	11	0	14	196	137	94	82	50	142	45	59	0	6
37063	2802	401	1	596	99	293	210	26	18	115	23	115	167	52	28	30	0	0	35	61	54	45	68	78	39	12	204	0
37063	2802	401	2	470	118	352	187	13	34	185	51	185	150	79	46	0	10	0	54	28	58	55	71	119	49	36	0	0
37063	2802	401	3	325	75	250	107	14	32	142	30	142	90	49	34	10	0	0	36	41	33	46	49	79	33	8	0	0
37063	2802	402	1	765	144	621	148	44	78	384	111	384	227	81	32	19	15	7	179	175	137	94	104	70	6	0	0	0
37063	2801	500	1	747	17	452	29	0	10	97	333	97	312	51	9	0	0	0	264	92	34	18	21	30	10	0	278	0
37063	2801	500	2	347	75	272	61	3	62	163	58	163	91	35	32	0	9	17	85	75	86	52	18	19	6	6	0	0
37063	2801	500	3	517	130	387	56	69	128	244	20	244	120	74	52	10	9	8	130	157	106	43	29	52	0	0	0	0
37063	2801	500	4	456	177	264	106	50	141	102	42	102	109	102	42	59	13	14	147	89	55	69	53	28	0	0	0	15
37063	2801	600	1	1043	335	690	456	26	96	329	118	329	358	146	122	55	10	5	96	164	121	121	195	210	81	37	0	18
37063	2801	600	2	1160	244	916	413	74	164	342	167	342	462	169	93	31	51	12	145	158	150	115	154	178	139	121	0	0
37063	2801	700	1	491	60	400	62	7	54	314	23	314	90	20	22	6	0	8	287	31	51	5	46	32	8	0	21	10
37063	2801	700	2	426	143	283	211	17	54	118	26	118	149	86	46	24	3	0	36	50	35	31	53	94	61	66	0	0
37063	2801	700	3	470	151	319	203	10	82	156	19	156	157	70	60	17	10	0	28	55	51	47	76	100	83	30	0	0
37063	2802	801	1	205	0	16	0	0	0	0	16	0	16	0	0	0	0	0	0	0	0	0	0	16	0	0	80	109
37063	2802	802	1	434	88	322	58	40	97	150	65	150	117	49	51	18	4	21	101	86	53	24	32	62	16	36	0	24
37063	2802	900	1	302	73	229	61	57	77	80	27	80	72	42	32	43	24	9	105	85	27	24	13	43	0	5	0	0
37063	2802	900	2	522	169	303	86	29	175	157	25	157	102	69	85	45	9	5	203	91	58	60	37	16	0	7	40	10
37063	2802	1001	1	397	148	246	181	50	67	76	20	76	72	111	27	31	32	45	112	83	46	31	79	38	0	5	0	3
37063	2802	1001	2	656	314	342	169	49	224	182	32	182	126	145	86	47	15	55	377	53	65	38	51	58	14	0	0	0
37063	2802	1001	3	573	231	342	149	26	244	112	42	112	206	64	114	57	10	10	244	56	97	68	74	27	0	7	0	0
37063	2802	1002	1	981	433	548	241	87	356	205	92	205	261	189	219	70	31	6	312	183	179	128	65	92	0	22	0	0
37063	2802	1002	2	313	123	190	83	27	82	110	11	110	83	34	13	0	27	46	79	47	42	79	10	48	8	0	0	0
37063	2802	1002	3	305	48	240	78	45	57	93	15	93	51	51	32	38	0	23	50	57	31	41	40	58	11	0	0	17
37063	2802	1002	4	483	245	238	225	27	108	101	22	101	71	124	34	65	46	42	125	150	101	36	18	37	4	12	0	0
37063	2802	1100	1	790	177	565	173	54	198	234	83	234	161	99	112	67	28	41	354	123	64	53	50	81	4	13	0	48
37063	2802	1100	2	623	192	310	101	48	154	176	23	176	92	105	44	38	28	19	236	110	39	49	26	42	0	0	0	121
37063	2801	1201	1	787	151	242	36	32	137	173	15	173	31	55	79	24	20	11	158	96	59	24	24	32	0	0	394	0
37063	2801	1202	1	329	231	98	21	7	239	37	25	37	83	109	47	38	15	0	139	102	43	8	17	7	6	7	0	0
37063	2801	1301	1	364	79	285	52	38	129	138	7	138	108	60	13	25	11	9	139	71	34	33	46	35	0	6	0	0
37063	2801	1301	2	239	58	181	29	8	66	114	22	114	53	28	14	16	14	0	131	39	15	26	22	6	0	0	0	0
37063	2801	1303	1	2361	108	403	141	45	117	171	37	171	192	83	46	14	0	5	161	86	98	59	11	96	0	0	0	1850
37063	2801	1303	2	227	54	173	77	4	76	64	6	64	44	58	34	8	6	13	33	43	25	35	61	30	0	0	0	0
37063	2801	1304	1	1145	419	720	248	83	406	368	34	368	263	214	138	97	36	23	367	279	144	144	97	93	15	0	0	6
37063	2801	1400	1	523	202	321	87	21	245	162	8	162	184	108	22	0	8	39	206	87	71	66	12	66	5	10	0	0
37063	2801	1400	2	726	367	359	148	54	345	153	26	153	197	146	143	41	18	28	324	168	93	32	42	46	13	8	0	0
37063	2801	1501	1	2843	0	128	7	0	0	40	81	40	88	0	0	0	0	0	121	7	0	0	0	0	0	0	0	2715
37063	2801	1502	1	1664	257	1167	322	64	138	571	329	571	459	183	88	63	53	7	440	327	242	180	157	70	0	8	240	0
37063	2801	1502	2	1476	320	1037	284	68	178	620	207	620	435	147	103	19	27	6	538	228	275	104	85	114	10	3	119	0
37063	2802	1503	1	1721	0	37	0	0	0	37	0	37	0	0	0	0	0	0	37	0	0	0	0	0	0	0	0	1684
37063	2802	1601	1	386	69	192	188	13	32	15	13	15	137	65	11	27	0	6	11	15	25	40	72	75	15	8	125	0
37063	2802	1601	2	994	477	517	723	22	118	95	36	95	384	205	235	64	0	11	24	48	79	64	196	384	151	48	0	0
37063	2802	1601	3	813	169	517	420	23	30	190	23	190	216	108	100	22	38	12	70	42	107	93	109	179	64	22	127	0
37063	2802	1603	1	283	99	178	176	0	27	67	7	67	97	48	25	29	11	0	17	23	35	51	27	82	42	0	0	6
37063	2802	1603	2	697	282	415	479	30	44	105	39	105	274	127	140	41	10	0	28	21	82	35	112	332	79	8	0	0
37063	2802	1603	3	481	146	335	335	0	62	72	12	72	189	120	82	0	18	0	33	33	17	53	132	106	69	38	0	0
37063	2802	1603	4	623	256	367	500	7	45	71	0	71	248	129	113	51	11	0	35	10	100	50	98	176	104	50	0	0
37063	2802	1604	1	524	187	330	375	14	32	74	22	74	219	127	79	18	0	0	0	14	20	33	71	201	151	27	0	7
37063	2802	1604	2	1006	356	645	694	24	123	131	29	131	432	198	145	66	14	15	25	41	110	15	135	239	321	115	0	5
37063	2802	1604	3	480	160	320	370	9	43	58	0	58	181	76	131	17	0	17	52	15	27	34	67	193	77	15	0	0
37063	2802	1705	1	678	157	521	424	9	29	187	29	187	267	102	83	39	0	0	61	96	81	71	139	191	34	5	0	0
37063	2802	1705	2	773	159	614	405	6	15	325	22	325	261	89	52	18	28	0	88	175	87	82	71	140	80	50	0	0
37063	2802	1705	3	356	121	235	161	15	60	97	23	97	119	63	50	19	0	8	54	24	74	67	37	80	20	0	0	0
37063	2801	1706	1	1941	459	1482	670	36	122	814	299	814	638	261	159	62	0	7	330	212	255	223	333	352	134	102	0	0
37063	2802	1707	1	1395	327	938	695	39	61	426	44	426	473	149	126	82	9	0	86	148	92	84	194	365	231	65	78	52
37063	2802	1707	2	966	268	698	659	0	70	186	51	186	401	178	150	24	27	0	9	45	71	49	167	361	186	78	0	0
37063	2802	1707	3	279	80	199	166	10	6	90	7	90	98	55	36	0	0	0	9	0	64	42	42	108	14	0	0	0
37063	2802	1708	1	1091	302	784	456	28	198	341	63	341	289	215	137	70	17	17	236	104	113	142	210	196	66	19	0	5
37063	2802	1709	1	333	119	214	154	11	90	65	13	65	98	74	45	16	13	22	74	74	16	60	39	51	19	0	0	0
37063	2802	1709	2	301	123	178	122	21	115	37	6	37	79	78	41	45	15	6	62	41	21	39	64	57	17	0	0	0
37063	2802	1709	3	1162	387	614	216	35	320	366	64	366	235	140	168	60	13	19	333	201	112	127	110	111	7	0	161	0
37063	2802	1710	1	776	249	527	314	18	164	221	59	221	291	152	64	35	0	13	92	97	133	78	173	167	36	0	0	0
37063	2802	1710	2	597	233	364	276	16	85	195	25	195	158	121	88	27	8	0	24	114	76	74	156	139	14	0	0	0
37063	2802	1711	1	480	123	357	143	11	88	210	28	210	167	70	23	0	10	0	21	115	115	85	60	74	10	0	0	0
37063	2802	1711	2	650	199	451	218	33	79	212	108	212	222	101	80	29	6	0	32	82	157	126	160	72	21	0	0	0
37063	2802	1711	3	756	200	556	190	12	153	350	51	350	225	93	61	14	7	6	80	122	156	119	126	138	3	12	0	0
37063	2802	1801	1	516	150	366	301	13	81	105	16	105	230	79	52	50	0	0	45	20	33	117	67	168	57	9	0	0
37063	2802	1801	2	285	71	214	108	0	73	92	12	92	88	63	29	13	0	0	42	66	7	28	45	68	21	8	0	0
37063	2802	1801	3	756	312	440	382	51	146	152	21	152	213	161	138	45	21	22	166	62	62	107	118	163	59	15	0	4
37063	2802	1801	4	284	72	212	186	7	24	67	0	67	104	64	23	6	10	10	29	48	47	48	37	63	12	0	0	0
37063	2802	1801	5	238	97	141	152	0	37	45	4	45	71	45	62	8	0	7	8	23	31	42	34	71	29	0	0	0
37063	2802	1802	1	1331	573	758	619	89	331	249	43	249	433	218	201	123	60	47	130	233	195	196	275	247	44	11	0	0
37063	2802	1802	2	619	262	357	246	19	243	91	20	91	159	180	135	38	16	0	77	88	127	52	61	173	41	0	0	0
37063	2802	1802	3	242	87	155	84	12	64	82	0	82	37	41	38	17	15	12	65	39	51	45	10	20	12	0	0	0
37063	2802	1804	1	746	173	573	457	9	38	198	44	198	284	150	74	30	6	4	94	79	73	98	144	133	111	14	0	0
37063	2802	1804	2	836	416	420	556	0	100	135	45	135	251	154	179	74	36	7	6	37	51	106	214	306	85	31	0	0
37063	2802	1804	3	1106	435	661	709	51	102	184	50	184	419	253	169	51	13	7	59	98	145	86	297	353	58	0	0	10
37063	2802	1804	4	776	316	421	256	38	219	201	23	201	217	149	119	37	14	0	77	118	127	79	112	201	18	5	39	0
37063	2801	1805	1	519	132	375	186	41	79	179	22	179	146	106	25	30	12	9	90	66	62	72	81	110	26	0	0	12
37063	2801	1805	2	742	235	507	390	6	72	204	70	204	266	111	104	48	6	3	20	82	134	50	116	257	71	12	0	0
37063	2801	1805	3	561	135	426	340	25	41	120	35	120	217	131	26	32	23	12	43	82	80	58	93	123	49	33	0	0
37063	2801	1805	4	623	240	383	428	23	44	112	16	112	243	111	133	24	0	0	49	42	41	48	76	229	113	25	0	0
37063	2802	1900	1	331	60	271	192	13	21	78	27	78	153	46	49	0	5	0	37	33	47	58	58	70	23	5	0	0
37063	2802	1900	2	388	92	296	299	0	35	54	0	54	205	78	45	6	0	0	52	38	66	27	59	94	52	0	0	0
37063	2801	2007	1	741	215	522	391	22	61	225	38	225	299	112	89	12	0	0	77	38	81	71	104	194	123	49	0	4
37063	2801	2007	2	1018	263	666	548	23	44	243	71	243	368	156	94	47	21	0	21	37	123	140	147	251	150	60	83	6
37063	2801	2007	3	349	106	242	191	0	45	95	17	95	134	59	26	20	0	14	9	0	46	36	53	107	60	37	0	1
37063	2801	2008	1	365	132	233	286	0	15	55	9	55	154	66	74	16	0	0	4	7	13	28	29	35	54	195	0	0
37063	2801	2008	2	713	243	470	514	26	36	110	27	110	314	113	113	44	13	6	12	37	31	35	57	227	115	199	0	0
37063	2801	2009	1	693	229	464	224	40	256	167	6	167	203	140	79	58	22	24	131	90	99	114	117	105	26	11	0	0
37063	2801	2009	2	464	79	385	165	37	67	170	25	170	122	77	62	33	0	0	104	41	58	67	50	100	32	12	0	0
37063	2801	2009	3	655	213	438	350	21	154	121	5	121	195	139	89	60	33	14	100	97	55	103	134	124	38	0	0	4
37063	2801	2010	1	594	205	381	292	68	56	117	53	117	155	136	105	21	52	0	89	70	71	98	97	116	39	6	0	8
37063	2801	2010	2	1444	470	966	662	84	120	364	206	364	545	215	168	111	33	0	47	104	191	172	211	529	166	16	0	8
37063	2801	2010	3	890	249	579	340	39	202	226	21	226	296	200	75	31	0	0	180	48	37	100	260	162	41	0	5	57
37063	2801	2011	1	1363	346	872	614	8	89	354	153	354	479	208	102	50	25	0	95	60	166	121	186	342	184	64	145	0
37063	2801	2011	2	1377	280	1097	467	55	107	641	107	641	449	161	65	33	28	0	98	64	167	186	235	394	170	63	0	0
37063	2801	2011	3	916	440	476	596	0	76	173	71	173	280	206	217	31	9	0	11	65	98	74	38	358	237	35	0	0
37063	2801	2012	1	1553	253	1214	719	35	64	417	232	417	732	157	134	16	11	0	130	34	102	157	277	449	186	132	0	86
37063	2801	2012	2	1373	148	1225	320	42	89	711	211	711	425	149	36	37	15	0	108	115	254	210	181	354	123	28	0	0
37063	2801	2012	3	2353	555	1733	1005	69	187	757	270	757	861	357	230	69	14	0	187	204	266	260	395	619	223	134	57	8
37063	2801	2012	4	794	376	401	566	13	44	121	33	121	265	161	152	45	3	30	28	31	0	9	58	361	212	78	0	17
37063	2801	2013	1	645	193	452	377	4	64	141	59	141	228	115	101	45	6	9	0	37	53	54	115	253	100	33	0	0
37063	2801	2013	2	352	134	218	191	4	41	108	8	108	86	73	45	24	11	5	43	45	38	27	45	104	37	13	0	0
37063	2801	2013	3	663	240	423	466	21	44	101	31	101	285	142	92	17	14	12	18	21	53	45	77	294	135	20	0	0
37063	2801	2014	1	1452	306	1146	603	78	95	525	151	525	494	220	161	48	0	4	186	133	192	206	260	359	99	17	0	0
37063	2801	2014	2	388	62	248	71	0	43	167	29	167	88	25	30	0	0	0	21	17	91	36	10	105	16	14	78	0
37063	2801	2014	3	630	123	507	248	20	26	235	101	235	242	78	39	36	0	0	40	54	38	65	144	180	72	37	0	0
37063	2801	2015	1	1275	339	936	484	84	157	401	149	401	402	185	143	72	41	31	148	74	158	178	308	252	122	35	0	0
37063	2801	2015	2	1130	221	909	217	87	124	537	165	537	341	128	58	40	26	0	283	181	199	182	132	106	27	20	0	0
37063	2801	2016	1	1946	524	1422	591	41	213	817	284	817	572	213	198	81	51	14	407	360	350	221	257	255	58	38	0	0
37063	2801	2017	1	1435	547	883	929	44	77	327	53	327	479	201	288	108	12	15	60	66	151	87	104	409	249	304	0	5
37063	2801	2017	2	522	129	393	298	0	5	171	48	171	197	102	29	17	6	0	18	51	67	30	52	142	102	60	0	0
37063	2801	2018	1	650	90	558	291	7	46	211	93	211	297	75	32	20	13	0	52	33	75	83	83	134	105	83	0	2
37063	2801	2018	2	1712	407	1305	865	11	85	560	191	560	619	268	194	43	28	0	127	130	158	203	180	452	271	191	0	0
37063	2802	2100	1	658	235	423	476	8	20	143	11	143	243	116	112	29	15	0	34	24	45	51	99	113	106	186	0	0
37063	2802	2100	2	874	310	441	514	42	36	119	40	119	204	236	135	35	9	13	38	70	66	93	131	171	113	69	123	0
37063	2802	2100	3	718	231	487	535	22	19	98	44	98	333	97	123	55	9	3	41	69	66	65	116	164	121	76	0	0
37069	3000	60100	1	529	153	376	325	15	50	139	0	139	163	95	96	11	18	7	92	72	87	67	73	105	14	19	0	0
37069	3000	60100	2	469	197	272	269	7	90	103	0	103	146	100	72	27	11	10	144	92	80	44	53	56	0	0	0	0
37069	3000	60100	3	371	120	246	206	18	74	60	8	60	167	63	25	27	19	5	100	60	79	47	36	44	0	0	5	0
37069	3000	60100	4	267	89	178	117	40	51	54	5	54	62	83	37	18	8	5	54	38	9	70	49	47	0	0	0	0
37069	3000	60200	1	789	261	469	433	21	97	171	8	171	253	136	92	52	17	9	117	163	132	78	112	107	15	6	59	0
37069	3000	60200	2	635	194	429	348	26	51	176	22	176	209	105	97	24	5	7	144	156	67	49	86	107	0	14	0	12
37069	3000	60300	1	918	214	360	278	12	100	159	25	159	152	111	100	49	3	0	118	71	81	55	55	131	60	3	0	344
37069	3000	60300	2	869	135	487	385	28	63	126	20	126	256	104	83	39	11	3	85	70	93	63	120	135	40	16	227	20
37069	3000	60300	3	578	179	333	242	18	106	129	17	129	134	131	79	15	24	0	87	78	90	69	100	72	11	5	0	66
37069	3000	60300	4	332	85	247	126	13	60	120	13	120	109	44	28	21	8	2	54	52	55	46	47	52	18	8	0	0
37069	3000	60300	5	454	116	251	97	49	109	95	17	95	93	71	52	26	10	20	111	64	55	30	43	47	11	6	87	0
37069	3000	60300	6	555	140	376	235	13	71	179	18	179	164	92	44	28	9	0	131	112	77	54	50	80	6	6	39	0
37069	3000	60400	1	687	251	436	418	38	82	119	30	119	253	149	94	43	25	4	112	53	106	134	91	149	39	3	0	0
37069	3000	60400	2	462	124	336	176	24	83	152	25	152	145	62	67	14	14	6	114	64	82	43	77	63	12	5	0	2
37069	3000	60400	3	750	229	521	338	60	104	211	37	211	248	118	87	48	25	13	206	76	87	101	119	142	17	2	0	0
37069	3000	60400	4	738	235	503	297	57	187	185	12	185	203	146	112	57	16	19	215	107	74	78	118	125	9	12	0	0
37069	3000	60500	1	1205	408	797	726	29	131	256	63	256	428	217	177	74	45	8	131	150	175	156	200	317	61	15	0	0
37069	3000	60500	2	1675	664	1011	1131	35	123	315	71	315	610	321	288	90	29	22	106	129	214	245	358	452	142	29	0	0
37069	3000	60600	1	791	248	543	480	20	40	208	43	208	278	146	91	47	21	0	158	89	123	98	132	159	23	9	0	0
37069	3000	60600	2	1514	560	954	960	45	136	283	90	283	572	303	241	69	37	9	164	114	186	279	272	411	60	28	0	0
37069	3000	60700	1	471	146	325	285	24	43	105	14	105	145	100	74	26	17	4	89	99	68	31	81	71	32	0	0	0
37069	3000	60700	2	811	306	505	495	31	89	166	30	166	302	147	112	65	16	3	68	121	91	135	140	186	70	0	0	0
37069	3000	60800	1	415	157	258	264	12	42	77	20	77	123	87	80	33	5	10	77	57	41	57	74	99	5	5	0	0
37069	3000	60800	2	1251	323	542	439	56	102	242	26	242	249	145	119	68	23	19	233	93	106	115	140	141	31	6	386	0
37069	3000	60800	3	791	326	465	495	21	51	196	28	196	241	181	122	34	8	9	135	95	115	108	114	184	34	6	0	0
37069	3000	60800	4	763	220	543	494	29	55	159	26	159	305	133	91	56	13	6	132	88	61	83	131	182	56	30	0	0
37077	3300	970100	1	582	152	430	284	6	103	163	26	163	167	124	85	31	0	12	110	83	81	74	114	103	14	3	0	0
37077	3300	970100	2	687	238	449	394	45	100	133	15	133	248	85	143	51	23	4	160	62	130	91	108	119	3	14	0	0
37077	3300	970100	3	648	216	432	344	17	95	164	28	164	227	93	85	47	11	21	106	147	125	63	99	79	5	24	0	0
37077	3300	970100	4	918	219	631	491	80	97	166	16	166	317	167	106	60	28	6	167	144	71	59	151	123	122	13	22	46
37077	3300	970100	5	337	97	240	185	12	62	70	8	70	115	77	34	21	20	0	62	77	27	35	62	49	20	5	0	0
37077	3300	970200	1	408	150	258	310	7	22	69	0	69	162	85	54	15	23	0	25	46	53	67	48	101	30	38	0	0
37077	3300	970200	2	748	139	451	225	28	102	207	28	207	174	87	82	20	20	0	153	44	69	83	92	121	7	21	158	0
37077	3300	970200	3	570	80	228	158	34	45	71	0	71	92	50	51	35	9	0	66	23	56	44	38	57	12	12	262	0
37077	3300	970300	1	541	190	351	171	18	169	173	10	173	135	132	64	24	13	0	132	91	76	56	39	119	20	8	0	0
37077	3300	970300	2	381	104	277	132	12	94	128	15	128	139	52	42	10	0	10	76	69	66	34	75	49	7	5	0	0
37077	3300	970300	3	568	251	317	313	43	82	121	9	121	172	94	103	42	24	12	80	81	78	130	78	95	12	14	0	0
37077	3300	970400	1	582	101	481	276	24	51	227	4	227	198	94	63	0	0	0	119	67	43	72	89	90	78	24	0	0
37077	3300	970400	2	648	196	383	162	18	207	171	21	171	136	83	78	61	41	9	219	102	81	54	52	59	6	6	56	13
37077	3300	970400	3	417	154	263	133	19	132	129	4	129	118	68	55	19	15	13	167	76	25	92	40	11	6	0	0	0
37077	3300	970500	1	610	190	362	359	10	108	71	4	71	174	155	92	42	18	0	79	74	48	43	107	156	38	7	40	18
37077	3300	970500	2	343	90	253	207	4	38	94	0	94	132	59	40	18	0	0	21	69	46	42	52	77	24	12	0	0
37077	3300	970500	3	334	130	204	177	35	76	46	0	46	125	48	55	22	0	38	47	81	4	54	95	36	13	4	0	0
37077	3300	970600	1	1102	483	619	693	51	104	191	63	191	381	234	192	104	0	0	151	133	106	98	210	335	56	13	0	0
37077	3300	970600	2	502	206	296	285	7	119	57	34	57	171	104	100	70	0	0	59	51	92	80	134	79	7	0	0	0
37077	3300	970600	3	366	78	288	230	8	23	85	20	85	141	85	46	2	2	5	43	59	38	53	34	121	18	0	0	0
37077	3300	970600	4	980	306	674	508	14	119	289	50	289	313	196	121	43	11	7	184	119	178	99	138	201	44	17	0	0
37077	3300	970600	5	357	94	263	149	13	66	107	22	107	120	44	55	22	8	1	86	50	40	45	48	59	22	7	0	0
37077	3300	970600	6	1331	530	801	836	37	125	279	54	279	463	261	221	91	0	16	118	126	221	100	266	310	138	52	0	0
37077	3300	970700	1	364	113	251	212	33	22	78	19	78	129	93	64	0	0	0	56	75	36	25	39	111	8	14	0	0
37077	3300	970700	2	996	392	604	633	66	93	173	31	173	318	206	164	86	47	2	105	123	104	135	185	303	24	17	0	0
37077	3300	970700	3	3454	103	244	254	11	22	60	0	60	131	69	45	31	10	1	36	24	23	74	35	107	7	41	3107	0
37077	3300	970700	4	1478	0	27	15	0	0	12	0	12	15	0	0	0	0	0	0	0	12	0	0	0	15	0	1438	13
37077	3300	970700	5	1134	423	592	442	52	196	277	48	277	334	193	151	34	14	12	163	176	97	197	132	186	58	6	119	0
37077	3300	970700	6	771	219	350	225	9	150	162	23	162	152	125	72	37	5	16	73	118	119	33	108	94	7	17	202	0
37085	3100	70100	1	597	162	417	388	25	12	125	29	125	231	120	22	58	9	14	129	71	50	103	73	93	36	24	0	18
37085	3100	70100	2	477	183	294	173	12	161	123	8	123	138	97	59	43	17	0	176	59	60	55	74	35	6	12	0	0
37085	3100	70100	3	877	248	551	325	23	157	268	26	268	242	124	145	9	11	0	286	122	85	42	53	126	75	10	39	39
37085	3100	70200	1	306	99	207	169	15	29	81	12	81	108	57	35	12	7	6	82	79	30	20	50	30	10	5	0	0
37085	3100	70200	2	728	229	460	299	28	139	214	9	214	191	130	104	30	10	10	188	122	69	117	74	73	23	23	17	22
37085	3100	70200	3	384	70	314	105	17	109	139	14	139	100	72	39	21	13	0	234	55	34	29	11	12	0	9	0	0
37085	3100	70300	1	804	237	454	373	8	46	226	38	226	184	133	114	22	7	5	158	113	68	97	104	121	8	22	113	0
37085	3100	70300	2	368	64	195	80	5	77	85	12	85	84	60	8	0	22	0	59	39	48	35	35	43	0	0	97	12
37085	3100	70300	3	397	69	312	201	0	24	135	21	135	132	45	23	33	13	0	34	39	36	67	71	87	21	26	0	16
37085	3100	70300	4	608	150	458	315	5	84	194	10	194	243	57	79	29	0	6	205	84	65	22	76	99	44	13	0	0
37085	3100	70400	1	856	411	445	498	71	97	131	59	131	283	197	144	58	43	0	104	150	180	93	142	161	26	0	0	0
37085	3100	70400	2	632	176	456	354	19	48	165	46	165	232	97	92	26	15	5	122	134	87	75	67	96	32	19	0	0
37085	3100	70400	3	775	202	573	358	39	126	217	35	217	240	148	98	53	9	10	159	125	105	130	94	135	11	16	0	0
37085	3100	70400	4	1199	425	768	689	72	133	233	66	233	423	246	171	71	39	10	268	250	101	148	231	146	36	13	0	6
37085	3100	70500	1	739	169	562	332	0	87	298	14	298	204	139	79	3	8	0	271	111	62	87	46	114	34	6	0	8
37085	3100	70500	2	614	166	448	277	92	80	114	51	114	221	115	100	30	16	18	142	82	77	120	63	115	7	8	0	0
37085	3100	70500	3	754	267	384	389	52	55	136	19	136	240	118	91	66	0	0	139	96	97	101	82	79	44	13	72	31
37085	3100	70500	4	442	125	317	253	35	21	126	7	126	158	61	61	9	19	8	82	67	65	20	103	46	30	29	0	0
37085	3100	70600	1	895	361	534	512	43	138	185	17	185	242	183	159	60	42	24	177	170	72	133	161	142	30	10	0	0
37085	3100	70600	2	613	203	410	307	32	109	137	28	137	179	140	99	53	5	0	118	127	73	54	142	79	8	12	0	0
37085	3100	70700	1	1032	246	774	469	34	146	312	59	312	365	145	117	58	15	8	220	183	112	111	144	162	68	20	7	5
37085	3100	70700	2	411	139	272	155	4	121	116	15	116	125	76	68	18	1	7	103	54	54	65	62	71	2	0	0	0
37085	3100	70700	3	1167	123	164	156	26	33	59	13	59	105	49	33	20	13	8	45	34	47	57	47	47	8	2	880	0
37085	3100	70800	1	896	262	416	473	31	60	89	25	89	300	128	75	55	31	0	99	47	69	82	120	174	53	34	218	0
37085	3100	70800	2	2188	239	899	456	37	49	412	184	412	369	178	138	41	0	0	342	171	162	137	146	85	90	5	0	1050
37085	3100	70900	1	1561	582	920	853	90	177	295	87	295	482	313	239	116	35	22	227	104	227	195	264	330	105	50	0	59
37085	3100	70900	2	1933	613	1258	1046	53	192	471	109	471	630	320	265	112	51	22	394	207	312	222	296	334	75	31	0	62
37085	3100	71000	1	684	272	412	434	9	76	146	19	146	220	123	132	48	5	10	98	131	83	126	104	113	13	16	0	0
37085	3100	71000	2	748	251	456	492	5	43	128	39	128	236	200	68	38	19	18	75	101	109	93	110	173	26	20	0	41
37085	3100	71000	3	713	261	452	444	16	76	153	24	153	271	112	119	45	13	0	106	93	95	146	131	110	27	5	0	0
37085	3100	71100	1	755	244	511	394	70	91	153	47	153	262	140	107	52	23	18	91	142	162	130	79	114	17	20	0	0
37085	3100	71100	2	729	218	442	304	48	164	120	24	120	237	96	112	62	14	19	167	56	106	92	109	92	31	7	0	69
37085	3100	71100	3	729	265	464	403	38	54	194	40	194	208	159	99	40	22	7	173	79	102	134	106	107	19	9	0	0
37085	3100	71100	4	457	211	246	220	71	62	104	0	104	104	111	85	37	16	0	47	110	68	44	104	84	0	0	0	0
37085	3100	71200	1	752	300	452	314	69	129	194	46	194	197	175	132	36	0	18	165	119	164	95	103	98	8	0	0	0
37085	3100	71200	2	747	312	435	380	69	95	144	59	144	258	164	82	72	6	21	148	107	218	95	85	77	12	5	0	0
37085	3100	71200	3	1619	750	869	937	86	182	319	95	319	457	357	299	117	65	5	236	331	292	200	264	229	46	21	0	0
37085	3100	71200	4	511	283	228	188	10	198	84	31	84	175	136	69	47	0	0	145	116	106	59	40	40	5	0	0	0
37085	3100	71300	1	784	265	519	421	48	125	168	22	168	287	131	110	79	0	9	150	74	171	69	162	146	5	7	0	0
37085	3100	71300	2	1738	845	893	1111	65	187	291	84	291	517	377	335	126	67	25	159	219	250	241	249	507	88	25	0	0
37085	3100	71300	3	1051	517	534	636	47	147	175	46	175	302	225	217	83	38	11	117	194	116	161	212	225	20	6	0	0
37085	3100	71400	1	1215	491	724	688	68	170	225	64	225	393	247	209	99	26	16	223	164	167	144	221	236	48	12	0	0
37085	3100	71400	2	1233	638	595	779	40	158	198	58	198	327	298	243	113	54	0	150	229	237	156	246	198	11	6	0	0
37101	3000	40100	1	380	130	250	164	28	69	105	14	105	117	62	51	31	11	3	136	58	54	42	37	46	7	0	0	0
37101	3000	40100	2	791	233	558	349	25	126	252	39	252	263	145	93	23	15	0	226	89	158	38	89	128	44	19	0	0
37101	3000	40100	3	534	188	346	320	5	68	124	17	124	170	136	82	22	0	0	59	57	109	104	108	76	21	0	0	0
37101	3000	40100	4	441	141	300	225	18	66	121	11	121	156	70	40	21	33	0	120	46	76	63	40	80	16	0	0	0
37101	3000	40100	5	475	175	300	266	34	28	120	27	120	134	83	94	26	0	18	112	90	65	46	55	83	14	10	0	0
37101	3000	40200	1	293	93	200	218	8	0	60	7	60	129	46	31	11	7	9	41	94	16	25	64	32	9	12	0	0
37101	3000	40200	2	511	137	374	312	29	53	102	15	102	146	160	55	11	37	0	106	72	66	58	61	120	28	0	0	0
37101	3000	40200	3	557	157	400	363	23	64	99	8	99	231	141	57	19	0	10	94	57	111	76	52	159	8	0	0	0
37101	3000	40200	4	1566	736	830	1124	67	108	186	81	186	565	305	343	120	47	0	88	93	150	147	351	498	195	44	0	0
37101	3000	40200	5	1426	537	889	865	54	89	343	75	343	511	263	203	77	16	13	165	143	215	135	365	331	59	13	0	0
37101	3000	40200	6	714	262	452	421	27	60	167	39	167	221	137	96	54	39	0	153	102	114	35	87	193	25	5	0	0
37101	3000	40200	7	664	274	390	399	39	131	95	0	95	222	131	125	56	0	35	174	71	75	66	128	121	19	10	0	0
37101	3000	40300	1	834	315	519	613	43	53	112	13	112	330	181	131	56	6	18	117	109	120	114	171	153	28	22	0	0
37101	3000	40300	2	747	215	501	319	39	92	235	31	235	231	92	94	64	0	0	254	87	66	66	122	85	36	0	31	0
37101	3000	40300	3	705	272	420	308	72	98	177	37	177	179	122	90	48	20	56	249	84	80	104	79	48	36	12	13	0
37101	3000	40300	4	582	138	444	172	29	135	189	57	189	174	80	81	32	15	11	165	99	94	76	70	66	0	12	0	0
37101	3000	40300	5	356	143	213	113	23	139	81	0	81	85	106	27	15	19	23	116	100	53	51	12	24	0	0	0	0
37101	3000	40300	6	287	70	214	94	13	98	66	13	66	110	74	22	0	0	12	103	75	39	0	46	14	7	0	0	3
37101	3000	40400	1	335	92	243	170	0	51	103	11	103	128	57	32	13	0	2	92	52	39	35	40	65	4	8	0	0
37101	3000	40400	2	548	188	360	354	6	58	125	5	125	191	121	70	31	9	1	104	52	105	106	61	107	11	2	0	0
37101	3000	40400	3	568	193	375	313	32	48	157	18	157	167	116	78	28	15	7	116	69	109	58	97	82	28	9	0	0
37101	3000	40500	1	689	203	486	469	19	45	120	36	120	293	146	88	42	0	0	68	121	93	122	60	122	79	24	0	0
37101	3000	40500	2	525	149	376	231	20	102	156	16	156	191	92	56	17	10	3	150	105	77	55	64	56	16	2	0	0
37101	3000	40500	3	291	87	191	177	7	28	57	9	57	124	42	27	28	0	0	70	50	53	37	52	6	5	5	0	13
37101	3000	40500	4	696	305	388	467	20	33	147	26	147	206	138	147	45	10	0	101	107	64	161	156	69	30	5	0	3
37101	3000	40600	1	469	137	321	101	23	137	179	18	179	111	71	40	46	8	3	256	56	43	22	41	27	6	7	0	11
37101	3000	40600	2	447	137	310	328	7	17	95	0	95	163	61	102	19	3	4	82	43	56	82	54	103	27	0	0	0
37101	3000	40600	3	370	91	279	203	24	30	90	23	90	134	84	34	5	9	14	46	73	55	68	78	40	0	10	0	0
37101	3000	40700	1	1002	246	461	310	27	92	255	23	255	172	144	104	27	0	5	177	100	122	41	95	111	48	13	215	80
37101	3000	40700	2	337	47	290	106	23	30	171	7	171	97	25	14	18	5	7	125	38	58	33	47	15	7	14	0	0
37101	3000	40700	3	385	106	263	144	26	45	120	34	120	147	36	36	15	9	6	117	90	53	27	32	34	3	13	0	16
37101	3000	40800	1	731	116	422	176	17	51	247	47	247	156	59	47	17	12	0	187	85	82	50	42	68	12	12	193	0
37101	3000	40800	2	608	183	425	314	0	90	186	18	186	224	65	85	36	5	7	127	122	80	37	58	78	60	46	0	0
37101	3000	40800	3	312	59	253	203	0	38	71	0	71	167	43	14	12	5	0	0	46	39	28	21	77	58	43	0	0
37101	3000	40900	1	1577	717	860	1148	37	115	213	64	213	537	341	347	97	26	16	50	127	121	157	232	525	270	95	0	0
37101	3000	40900	2	720	175	358	318	23	52	136	4	136	167	104	71	40	13	2	92	57	55	71	101	108	37	12	187	0
37101	3000	40900	3	402	139	263	244	11	54	89	4	89	134	71	86	22	0	0	51	38	94	99	44	68	8	0	0	0
37101	3000	40900	4	1240	151	444	198	0	92	289	16	289	126	82	66	32	0	0	250	59	105	41	47	81	12	0	645	0
37101	3000	40900	5	751	254	497	478	47	39	116	71	116	307	149	66	104	9	0	120	104	88	95	155	179	0	10	0	0
37101	3000	41000	1	409	82	327	170	8	57	148	26	148	167	32	38	0	24	0	113	30	42	38	42	112	13	19	0	0
37101	3000	41000	2	1227	493	734	710	57	135	281	44	281	403	244	177	104	18	0	86	121	189	108	352	343	8	20	0	0
37101	3000	41000	3	923	331	576	578	22	64	206	37	206	315	162	143	46	12	23	139	68	98	96	102	277	61	66	0	16
37101	3000	41000	4	837	296	541	403	67	154	189	24	189	277	179	148	20	24	0	186	122	63	90	127	173	32	44	0	0
37101	3000	41000	5	1210	425	642	613	46	126	233	49	233	318	212	186	68	37	13	103	168	130	172	180	240	68	6	143	0
37101	3000	41100	1	1770	809	961	1108	76	228	269	89	269	616	401	298	136	41	9	135	191	189	230	369	500	149	7	0	0
37101	3000	41100	2	699	313	386	407	23	75	160	34	160	184	142	151	31	31	0	108	17	71	65	227	188	14	9	0	0
37101	3000	41100	3	3582	1604	1978	2609	61	236	501	175	501	1267	830	698	197	48	41	191	246	320	363	756	1379	266	61	0	0
37101	3000	41200	1	434	143	261	248	41	6	104	5	104	123	82	57	26	7	5	88	59	52	49	71	78	7	0	18	12
37101	3000	41200	2	535	165	370	320	29	38	118	30	118	198	86	70	29	13	21	65	74	71	53	54	161	28	29	0	0
37101	3000	41200	3	372	150	222	179	13	56	116	8	116	102	61	58	25	8	2	119	71	39	29	51	45	10	8	0	0
37101	3000	41200	4	599	151	343	231	18	65	157	23	157	164	69	43	38	19	4	153	54	102	45	61	69	8	2	0	105
37101	3000	41200	5	542	164	378	304	37	27	153	21	153	173	106	97	13	0	0	136	103	51	70	82	83	9	8	0	0
37101	3000	41200	6	657	243	414	395	46	34	151	31	151	224	111	116	38	0	17	105	97	89	116	102	105	29	14	0	0
37101	3000	41300	1	458	175	283	308	5	52	88	5	88	149	93	72	17	39	0	78	79	64	30	105	87	15	0	0	0
37101	3000	41300	2	524	150	374	316	11	31	157	9	157	143	124	65	19	11	5	90	75	103	21	63	114	30	28	0	0
37101	3000	41300	3	512	168	320	267	49	56	94	22	94	156	102	70	48	8	10	85	76	85	47	66	115	6	8	0	24
37101	3000	41300	4	576	213	363	292	17	76	148	43	148	200	97	82	49	0	0	96	158	63	47	121	68	12	11	0	0
37101	3000	41400	1	509	153	356	261	9	59	163	17	163	161	99	69	17	0	0	123	92	80	59	51	71	22	11	0	0
37101	3000	41400	2	461	105	356	261	18	34	127	21	127	174	74	56	23	7	0	88	85	65	13	75	105	30	0	0	0
37101	3000	41400	3	319	99	220	221	7	16	61	14	61	102	80	58	9	2	7	34	45	37	32	61	79	19	12	0	0
37101	3000	41400	4	674	235	439	298	12	150	185	29	185	192	133	92	46	21	5	267	114	90	57	85	41	16	4	0	0
37101	3000	41400	5	307	70	237	99	13	39	132	24	132	87	40	27	15	6	0	121	43	34	41	38	22	8	0	0	0
37101	3000	41400	6	354	97	257	174	5	47	107	21	107	128	54	40	16	3	6	73	57	52	49	50	49	17	7	0	0
37101	3000	41500	1	1323	590	733	912	28	92	244	47	244	436	263	229	151	0	0	64	98	216	239	267	389	39	11	0	0
37101	3000	41500	2	1434	656	778	983	53	70	257	71	257	450	291	285	79	59	13	157	132	187	186	321	370	56	25	0	0
37101	3000	41500	3	838	342	496	557	7	67	170	37	170	291	165	129	44	39	0	95	90	108	49	174	234	88	0	0	0
37101	3000	41500	4	487	156	331	341	8	22	96	20	96	151	134	60	31	15	0	68	61	63	49	122	116	8	0	0	0
37101	3000	41500	5	990	345	645	592	45	84	209	60	209	362	164	181	52	11	11	148	126	191	115	197	175	26	12	0	0
37135	2900	10701	1	708	309	399	493	11	34	123	47	123	241	91	136	95	22	0	70	36	44	74	71	198	111	104	0	0
37135	2900	10702	1	1695	772	920	899	98	136	381	178	381	464	290	361	132	23	41	163	194	119	181	194	361	347	133	0	3
37135	2900	10702	2	448	80	368	73	60	79	158	78	158	115	114	41	0	15	5	85	47	124	39	55	67	21	10	0	0
37135	2900	10702	3	1232	339	893	379	53	203	348	249	348	483	192	147	29	13	20	175	208	189	142	153	274	68	23	0	0
37135	2900	10703	1	2712	366	2245	508	118	215	1212	558	1212	842	256	147	88	32	34	592	526	542	406	245	234	55	11	87	14
37135	2900	10704	1	1676	270	1406	341	41	88	717	489	717	603	247	97	12	0	0	418	311	294	187	182	184	56	44	0	0
37135	2900	10704	2	532	245	287	410	20	23	79	0	79	169	70	131	72	11	0	22	53	32	5	45	184	116	75	0	0
37135	2900	10801	1	466	136	330	298	9	47	112	0	112	149	76	107	22	0	0	125	51	16	39	94	91	50	0	0	0
37135	2900	10801	2	988	382	606	615	25	119	160	69	160	373	232	146	56	21	0	65	155	86	94	195	272	115	6	0	0
37135	2900	10801	3	299	66	228	179	6	13	80	16	80	81	60	30	24	5	14	35	24	49	14	43	74	35	20	0	5
37135	2900	10802	1	635	230	405	449	14	29	132	11	132	240	94	79	69	18	3	42	54	89	84	133	138	63	32	0	0
37135	2900	10802	2	968	360	608	718	60	38	135	17	135	389	215	200	12	17	0	99	57	61	89	164	364	106	28	0	0
37135	2900	10900	1	1134	396	738	616	23	140	305	50	305	434	220	117	34	0	24	103	171	160	117	182	211	132	58	0	0
37135	2900	10900	2	682	274	408	469	31	75	83	24	83	235	147	142	52	23	0	39	59	58	73	111	170	148	24	0	0
37135	2900	10900	3	496	198	295	261	43	73	99	17	99	168	106	102	18	0	0	75	79	66	75	63	117	18	0	3	0
37135	2900	10900	4	1102	316	616	441	51	135	240	65	240	360	161	101	53	17	0	70	87	136	164	131	257	35	52	170	0
37135	2900	11000	1	602	116	486	365	0	48	189	0	189	235	85	62	18	0	13	39	49	79	100	90	137	63	45	0	0
37135	2900	11000	2	747	132	389	298	9	51	125	38	125	221	96	59	20	0	0	45	53	107	59	94	108	23	32	226	0
37135	2900	11000	3	431	168	238	149	0	120	106	31	106	117	71	70	20	0	22	62	61	59	72	23	55	25	49	14	11
37135	2900	11000	4	383	145	238	123	19	123	101	17	101	101	97	36	35	13	0	75	67	73	55	64	35	5	9	0	0
37135	2900	11000	5	455	170	278	224	27	54	111	32	111	147	63	84	11	32	0	114	72	26	71	94	51	20	0	0	7
37135	2900	11101	1	784	287	497	387	30	180	168	19	168	210	224	127	51	4	0	135	177	78	90	115	149	33	7	0	0
37135	2900	11101	2	1348	486	862	858	61	113	256	60	256	514	247	210	73	36	12	129	121	233	192	310	273	57	33	0	0
37135	2900	11101	3	311	101	210	101	28	80	78	24	78	97	53	44	14	7	18	56	68	57	34	32	51	13	0	0	0
37135	2900	11102	1	727	297	430	431	34	64	173	25	173	229	153	92	67	0	13	116	115	86	152	103	120	28	7	0	0
37135	2900	11102	2	1169	412	757	568	73	188	251	89	251	459	205	211	21	19	3	160	107	156	100	246	300	66	34	0	0
37135	2900	11201	1	746	233	393	357	27	66	133	43	133	257	121	69	40	6	0	35	89	69	87	35	171	73	67	120	0
37135	2900	11201	2	464	194	270	339	26	7	79	13	79	162	81	85	13	44	0	34	47	8	6	16	80	98	175	0	0
37135	2900	11201	3	1334	559	686	687	4	91	382	81	382	282	222	244	102	7	6	123	112	142	89	126	232	201	220	60	29
37135	2900	11201	4	653	179	474	220	20	42	256	115	256	216	85	73	23	0	0	127	74	108	80	76	86	49	53	0	0
37135	2900	11202	1	570	257	313	367	14	56	103	30	103	160	93	151	47	12	4	35	35	57	28	36	122	91	166	0	0
37135	2900	11202	2	508	177	331	289	24	23	115	57	115	194	72	92	25	10	0	46	36	66	35	37	152	57	79	0	0
37135	2900	11202	3	815	335	480	453	32	113	160	57	160	274	194	117	55	10	5	60	38	101	82	129	211	97	97	0	0
37135	2900	11203	1	811	265	546	513	13	56	189	40	189	309	134	101	34	44	0	51	90	134	71	119	195	70	81	0	0
37135	2900	11203	2	488	164	324	302	25	22	118	21	118	157	118	76	19	0	0	25	28	63	47	91	140	69	25	0	0
37135	2900	11203	3	756	165	591	360	28	81	208	79	208	275	168	89	16	0	0	129	110	107	68	86	151	70	35	0	0
37135	2900	11300	1	1226	181	946	154	29	179	415	350	415	375	170	94	68	5	0	420	203	105	148	78	115	46	12	0	99
37135	2900	11400	1	952	133	714	342	7	68	236	194	236	434	97	74	0	6	0	167	75	72	64	73	111	103	182	0	105
37135	2900	11400	2	1086	25	689	92	23	18	316	265	316	153	124	100	11	10	0	323	148	101	52	22	37	26	5	0	372
37135	2900	11500	1	1026	155	869	344	19	84	378	199	378	439	135	39	28	5	0	236	112	134	63	58	142	120	159	0	2
37135	2900	11600	1	3119	0	689	0	0	6	109	574	109	540	35	0	5	0	0	689	0	0	0	0	0	0	0	0	2430
37135	2900	11600	2	1902	0	425	0	0	9	231	185	231	194	0	0	0	0	0	364	29	14	0	0	18	0	0	0	1477
37135	2900	11600	3	2847	96	563	225	0	12	187	235	187	373	70	23	6	0	0	439	80	65	33	42	0	0	0	44	2144
37135	2900	11700	1	2121	21	164	13	0	8	34	130	34	69	50	23	9	0	0	63	13	21	50	13	16	0	9	0	1936
37135	2900	11700	2	1172	116	964	303	36	34	383	324	383	405	138	98	25	15	16	309	178	45	117	120	157	72	82	0	92
37135	2900	11800	1	1187	297	847	460	35	65	309	275	309	423	229	144	29	10	0	209	103	185	90	129	184	132	112	0	43
37135	2900	11900	1	972	365	607	548	7	109	240	68	240	383	154	147	31	0	17	39	110	95	101	194	159	128	146	0	0
37135	2900	11900	2	1010	229	776	509	20	69	281	126	281	440	157	73	54	0	0	166	125	70	100	66	180	129	169	0	5
37135	2900	11900	3	732	172	555	302	15	21	240	149	240	247	119	67	40	14	0	66	92	129	58	42	82	168	90	0	5
37135	2900	11900	4	848	290	552	477	26	36	208	95	208	264	146	158	37	4	25	78	47	72	129	96	157	113	150	0	6
37135	2900	12100	1	961	279	552	392	11	94	234	100	234	281	129	104	49	34	0	81	90	78	116	167	148	94	57	114	16
37135	2900	12100	2	548	110	329	83	21	43	183	109	183	150	64	42	0	0	0	82	126	49	52	60	55	15	0	105	4
37135	2900	12100	3	815	107	661	248	12	38	353	117	353	289	74	43	9	0	0	99	145	100	65	92	167	53	47	0	47
37135	2900	12100	4	702	250	417	434	7	54	156	16	156	245	118	86	42	0	20	54	18	46	83	59	149	101	157	0	35
37135	2900	12200	1	870	239	556	480	9	44	144	118	144	336	163	90	27	35	0	32	50	41	57	55	186	200	174	0	75
37135	2900	12200	2	1891	614	1236	820	40	161	560	269	560	582	287	325	86	10	0	317	259	164	193	157	340	210	210	36	5
37145	2400	980100	1	716	154	502	407	13	41	183	12	183	233	132	85	0	13	10	93	94	71	119	138	127	7	7	60	0
37145	2400	980100	2	407	109	298	184	0	88	113	22	113	130	42	67	36	15	4	76	48	72	64	47	74	0	26	0	0
37145	2400	980100	3	441	162	279	279	18	67	63	14	63	170	96	82	30	0	0	51	44	70	76	99	92	9	0	0	0
37145	2400	980100	4	702	294	408	490	34	73	86	19	86	245	193	94	73	11	0	94	121	125	60	173	113	9	7	0	0
37145	2400	980200	1	503	123	380	279	14	75	117	18	117	205	77	88	16	0	0	103	67	115	54	43	100	13	8	0	0
37145	2400	980200	2	774	180	588	336	32	107	240	53	240	329	129	59	0	0	11	150	86	94	119	110	143	31	35	0	6
37145	2400	980200	3	549	229	320	398	27	32	89	3	89	199	73	101	57	30	0	59	56	54	93	86	151	39	11	0	0
37145	2400	980200	4	848	344	470	528	43	109	123	11	123	231	214	132	90	11	13	113	115	127	99	109	191	43	17	34	0
37145	2400	980300	1	775	160	518	284	34	77	283	0	283	203	77	74	23	8	10	158	112	147	50	108	79	18	6	68	29
37145	2400	980300	2	550	205	345	199	5	184	142	20	142	161	109	66	44	22	6	151	136	82	33	64	65	6	13	0	0
37145	2400	980300	3	307	118	189	92	43	82	90	0	90	103	51	33	30	0	0	83	70	48	16	45	45	0	0	0	0
37145	2400	980300	4	568	114	356	142	17	94	186	31	186	145	87	30	22	0	0	187	92	46	54	68	23	0	0	98	0
37145	2400	980300	5	663	187	409	337	10	69	139	41	139	233	107	87	10	12	8	84	92	51	119	101	106	30	13	67	0
37145	2400	980400	1	355	92	263	112	8	102	129	4	129	128	48	27	23	0	0	107	41	46	56	58	34	0	13	0	0
37145	2400	980400	2	382	84	298	79	23	92	174	14	174	95	56	29	14	14	0	134	69	55	39	51	19	5	10	0	0
37145	2400	980400	3	547	137	410	273	23	90	123	38	123	212	106	60	26	0	20	91	67	59	60	112	138	15	5	0	0
37145	2400	980500	1	617	214	403	389	0	59	131	38	131	215	148	83	26	14	0	129	56	85	55	91	174	15	12	0	0
37145	2400	980500	2	1151	432	719	739	71	114	176	51	176	442	255	186	70	12	10	156	159	83	153	211	324	52	13	0	0
37145	2400	980500	3	431	161	270	227	13	82	96	13	96	125	97	80	23	10	0	89	74	52	68	79	61	0	8	0	0
37145	2400	980600	1	715	297	418	274	26	225	183	7	183	233	159	82	58	0	0	172	147	96	90	127	73	10	0	0	0
37145	2400	980600	2	955	379	550	585	19	93	232	0	232	234	204	160	80	19	0	111	104	134	91	216	181	52	40	26	0
37145	2400	980600	3	686	233	453	459	22	62	136	7	136	234	157	88	35	36	0	82	67	134	82	120	145	41	15	0	0
37145	2400	980600	4	522	159	359	400	10	31	69	8	69	240	119	90	0	0	0	49	64	60	57	88	158	37	5	0	4
37145	2400	980600	5	321	104	217	187	15	32	87	0	87	104	33	65	12	0	20	107	80	23	22	29	49	0	11	0	0
37183	2601	50100	1	1418	49	593	130	0	32	382	98	382	167	39	34	20	0	0	172	84	55	61	86	97	80	7	476	300
37183	2601	50300	1	912	96	810	168	21	29	589	99	589	232	53	32	0	0	0	138	70	98	112	143	218	67	60	0	6
37183	2601	50300	2	550	16	534	65	0	6	466	13	466	55	13	0	16	0	0	407	44	60	16	6	7	10	0	0	0
37183	2601	50400	1	329	55	274	95	0	43	147	44	147	115	34	24	0	0	9	53	44	21	45	24	83	52	7	0	0
37183	2601	50400	2	583	103	163	26	0	110	114	16	114	81	49	0	22	0	0	121	52	31	15	39	0	0	8	0	317
37183	2601	50500	1	342	43	295	178	5	14	111	30	111	175	17	27	8	0	0	22	35	71	43	64	79	17	7	0	4
37183	2601	50500	2	683	213	470	162	16	208	231	66	231	192	135	60	36	29	0	129	150	107	77	116	75	20	9	0	0
37183	2601	50500	3	631	120	511	172	5	71	277	106	277	208	79	36	16	15	0	104	83	93	110	55	150	36	0	0	0
37183	2601	50600	1	1214	152	296	90	15	180	112	51	112	171	122	14	16	13	0	158	118	56	50	41	21	4	0	0	766
37183	2601	50600	2	361	83	278	91	23	96	141	10	141	78	59	42	19	11	11	106	54	47	45	53	34	8	14	0	0
37183	2601	50600	3	554	94	399	102	30	50	214	97	214	149	47	46	18	0	19	178	86	52	45	36	50	13	33	0	61
37183	2601	50700	1	368	109	256	101	34	121	88	21	88	121	62	49	21	19	5	108	70	68	31	26	44	12	6	0	3
37183	2601	50700	3	296	70	226	42	16	104	122	12	122	67	55	20	16	0	16	102	52	21	70	29	17	0	5	0	0
37183	2601	50700	4	300	69	227	52	5	101	110	28	110	58	35	50	27	10	6	93	60	43	49	36	9	0	6	0	4
37183	2601	50700	5	253	82	171	51	10	48	132	12	132	57	30	19	5	5	5	155	20	23	18	26	5	0	6	0	0
37183	2601	50800	1	1725	82	113	70	11	41	45	28	45	71	14	53	12	0	0	78	49	24	44	0	0	0	0	1530	0
37183	2601	50800	2	446	145	301	127	33	108	147	31	147	91	73	51	45	7	32	141	92	45	71	36	55	0	6	0	0
37183	2601	50800	3	503	179	324	56	8	212	195	32	195	155	106	14	24	5	4	277	117	59	29	13	2	6	0	0	0
37183	2601	50900	1	1149	144	124	30	26	122	78	12	78	56	48	14	23	27	22	125	45	59	18	6	9	6	0	0	881
37183	2601	50900	2	314	76	238	50	21	68	141	34	141	68	58	36	11	0	0	188	25	58	26	10	7	0	0	0	0
37183	2601	50900	3	438	230	208	62	16	264	96	0	96	99	74	65	47	33	24	276	89	36	24	8	5	0	0	0	0
37183	2601	51000	1	756	3	613	23	21	2	497	73	497	91	22	6	0	0	0	128	154	151	101	62	20	0	0	0	140
37183	2601	51000	2	1021	114	447	167	10	49	224	111	224	202	68	36	23	8	0	102	70	80	67	83	107	40	12	341	119
37183	2601	51100	1	1103	5	29	10	0	0	8	16	8	21	5	0	0	0	0	8	3	5	9	5	4	0	0	1039	30
37183	2601	51100	2	63	18	45	15	26	5	5	12	5	25	0	11	4	9	9	5	4	27	4	23	0	0	0	0	0
37183	2601	51100	3	0	0	0	0	0	0	0	0	0	0	0	0	0	0	0	0	0	0	0	0	0	0	0	0	0
37183	2601	51200	1	483	19	435	54	0	14	339	47	339	93	7	0	15	0	0	82	72	86	56	55	65	38	0	0	29
37183	2601	51200	2	406	41	365	55	16	5	279	51	279	82	36	9	0	0	0	65	43	86	52	70	70	13	7	0	0
37183	2601	51200	3	166	50	116	111	4	5	36	10	36	74	29	11	16	0	0	13	4	24	19	30	47	8	21	0	0
37183	2601	51200	4	992	64	573	124	19	31	273	190	273	237	47	56	9	15	0	162	111	98	32	37	108	62	27	0	355
37183	2601	51400	1	412	60	352	139	7	28	153	85	153	169	59	24	7	0	0	36	46	55	26	46	119	71	13	0	0
37183	2601	51400	2	390	70	320	115	11	20	151	93	151	123	58	41	8	9	0	31	54	48	67	29	115	41	5	0	0
37183	2601	51400	3	1189	17	247	33	0	6	148	77	148	82	14	20	0	0	0	46	39	39	29	34	49	28	0	0	925
37183	2601	51400	4	512	61	363	176	0	0	163	85	163	154	79	12	16	0	0	52	28	61	40	91	97	49	6	0	88
37183	2601	51400	5	414	98	316	107	16	77	162	52	162	187	9	48	8	0	0	73	73	70	34	47	84	24	9	0	0
37183	2601	51400	6	199	71	128	84	7	27	44	37	44	64	46	26	19	0	0	14	26	24	15	44	45	23	8	0	0
37183	2601	51501	1	662	120	542	379	7	14	244	18	244	252	72	67	20	7	0	67	57	63	25	69	113	108	160	0	0
37183	2601	51501	2	698	202	496	447	0	43	193	15	193	268	85	127	23	2	0	23	51	36	35	58	166	150	179	0	0
37183	2601	51502	1	570	154	416	231	16	47	210	66	210	181	66	86	19	8	0	51	77	56	61	76	146	57	46	0	0
37183	2601	51502	2	599	157	442	345	11	44	151	48	151	262	110	51	19	6	0	41	98	57	62	29	120	88	104	0	0
37183	2601	51600	1	488	109	379	192	17	37	200	42	200	190	52	25	12	9	0	109	32	51	50	24	100	52	70	0	0
37183	2601	51600	2	497	87	245	204	0	4	108	16	108	128	56	22	18	0	0	14	9	33	26	35	50	56	109	165	0
37183	2601	51600	3	447	85	362	230	6	23	145	43	145	179	46	49	28	0	0	18	17	45	54	77	87	72	77	0	0
37183	2601	51600	4	280	97	183	153	7	14	85	21	85	93	32	52	18	0	0	27	19	0	15	37	66	66	50	0	0
37183	2601	51600	5	368	123	245	189	0	19	137	23	137	95	54	68	7	7	0	9	24	18	25	50	105	64	73	0	0
37183	2601	51700	1	374	122	252	261	0	25	83	5	83	159	23	80	20	9	0	0	14	53	26	19	108	73	81	0	0
37183	2601	51700	2	498	143	355	291	0	17	129	61	129	198	93	72	6	0	0	7	38	34	42	26	107	129	115	0	0
37183	2601	51700	3	384	135	249	277	5	9	84	9	84	142	67	42	32	17	0	17	7	22	7	29	78	80	144	0	0
37183	2601	51800	1	737	67	670	210	0	30	415	82	415	271	27	14	10	0	0	75	100	171	81	88	168	45	9	0	0
37183	2601	51800	2	795	162	633	289	12	28	394	72	394	207	114	52	17	11	0	97	80	111	123	97	124	75	88	0	0
37183	2601	51800	3	942	177	629	193	33	146	333	101	333	307	116	43	0	7	0	141	102	121	113	139	137	44	9	136	0
37183	2601	51900	1	483	153	323	204	38	114	109	11	109	174	92	58	32	0	11	52	79	63	87	84	105	0	6	0	7
37183	2601	51900	2	406	133	262	179	29	71	82	34	82	122	77	57	30	11	16	25	71	39	42	59	91	51	17	0	11
37183	2601	51900	3	1088	334	754	331	35	317	345	60	345	332	171	131	64	28	17	230	194	156	170	151	171	13	3	0	0
37183	2601	52001	1	1827	533	941	379	125	325	490	155	490	407	270	162	83	41	21	270	369	316	162	213	107	37	0	325	28
37183	2601	52002	1	542	120	422	224	6	137	124	51	124	166	120	77	25	19	11	91	42	48	106	85	137	18	15	0	0
37183	2601	52002	2	1278	375	882	487	135	405	198	32	198	337	235	196	148	72	71	184	221	230	220	163	196	43	0	0	21
37183	2601	52101	1	337	45	292	118	0	80	119	20	119	161	22	26	0	9	0	57	58	57	52	57	29	18	9	0	0
37183	2601	52101	2	1639	632	1000	673	135	475	312	37	312	441	374	236	157	47	65	292	254	260	189	280	300	47	10	0	7
37183	2601	52102	1	975	351	624	397	56	277	204	41	204	262	197	136	83	38	55	187	124	209	79	170	184	11	11	0	0
37183	2601	52201	1	464	37	115	7	31	33	37	44	37	39	44	6	9	0	17	39	23	14	19	37	9	11	0	0	312
37183	2601	52201	2	255	75	180	94	23	67	61	10	61	108	43	29	0	7	7	42	59	53	37	24	40	0	0	0	0
37183	2601	52202	1	707	113	451	239	23	79	160	63	160	231	100	51	21	1	0	74	86	69	115	83	123	14	0	143	0
37183	2601	52202	2	621	206	415	246	54	108	138	75	138	260	69	69	60	14	11	79	120	94	72	64	133	53	6	0	0
37183	2601	52202	3	489	199	262	99	35	137	167	23	167	70	95	79	0	18	32	134	144	104	15	45	19	0	0	0	28
37183	2601	52301	1	1965	169	1796	330	20	93	885	637	885	653	188	215	9	0	15	408	221	333	278	340	237	142	6	0	0
37183	2601	52302	1	134	6	70	18	0	3	34	21	34	33	3	0	6	0	0	17	15	21	0	14	6	3	0	58	0
37183	2601	52302	2	2207	435	1720	573	43	188	939	412	939	616	305	208	62	12	13	593	283	256	210	251	451	103	8	28	24
37183	2601	52401	1	1785	140	618	249	16	53	206	234	206	300	160	87	5	0	0	110	105	89	59	153	184	29	29	0	1027
37183	2601	52402	1	1602	187	1408	434	55	81	551	474	551	639	265	67	34	25	14	228	226	274	257	191	287	76	56	0	7
37183	2601	52402	2	1813	301	1498	454	110	141	713	381	713	656	213	82	61	32	42	286	242	481	188	199	285	98	20	0	14
37183	2601	52402	3	708	202	506	246	28	61	242	131	242	218	105	110	33	0	0	78	29	88	169	163	139	33	9	0	0
37183	2601	52404	1	1604	322	1282	633	14	113	310	534	310	644	400	172	45	23	10	211	270	163	223	145	438	113	41	0	0
37183	2601	52405	1	9394	451	2439	390	137	398	919	1046	919	1013	502	289	99	21	47	814	667	500	320	368	157	58	6	95	6409
37183	2602	52501	1	1810	549	1261	901	60	124	501	224	501	658	256	249	106	10	30	89	164	177	214	298	495	250	123	0	0
37183	2602	52501	2	1523	357	1153	688	33	141	494	154	494	570	214	126	77	13	16	96	213	216	134	220	374	178	79	0	13
37183	2601	52503	1	1783	300	1367	476	8	117	809	257	809	541	201	85	31	0	0	96	110	249	285	214	334	240	139	0	116
37183	2601	52503	2	980	211	680	475	15	43	278	80	278	353	90	112	40	10	8	104	60	39	81	129	256	136	86	0	89
37183	2601	52504	1	311	71	138	117	0	44	31	17	31	107	33	20	15	0	3	19	8	3	9	53	0	91	26	102	0
37183	2601	52504	2	2157	304	1680	691	79	122	799	293	799	750	225	131	41	23	15	147	185	266	345	291	467	215	68	18	155
37183	2602	52601	1	827	245	582	559	22	64	162	20	162	346	136	121	38	24	0	15	17	73	65	181	221	161	94	0	0
37183	2602	52601	2	305	100	205	225	0	12	55	13	55	139	42	38	31	0	0	11	17	20	13	20	117	62	45	0	0
37183	2602	52602	1	754	200	554	451	18	51	204	30	204	270	156	82	35	0	7	44	50	84	96	133	221	80	46	0	0
37183	2602	52602	2	1091	232	854	501	41	66	428	50	428	379	97	117	41	18	6	176	215	103	86	109	294	77	26	0	5
37183	2601	52603	1	1384	413	971	697	69	99	440	79	440	501	162	159	67	34	21	62	160	221	134	204	164	158	281	0	0
37183	2602	52701	1	548	79	452	164	36	51	204	76	204	189	82	34	22	0	0	50	28	69	67	147	124	23	23	17	0
37183	2602	52701	2	1544	548	996	854	111	135	355	89	355	497	212	219	112	79	70	41	203	301	177	271	305	203	43	0	0
37183	2602	52703	1	1889	561	1328	914	71	251	532	121	532	700	304	201	87	65	0	119	179	303	230	350	564	111	33	0	0
37183	2602	52703	2	1669	588	922	714	89	228	393	86	393	429	325	201	88	25	49	142	195	258	166	309	349	71	20	159	0
37183	2602	52704	1	2449	852	1597	811	166	449	728	295	728	804	489	241	114	30	43	295	343	493	426	476	310	77	29	0	0
37183	2602	52705	1	1303	365	927	703	35	139	357	58	357	434	179	203	70	49	0	89	124	108	224	256	363	114	14	0	11
37183	2702	52801	1	390	175	215	331	6	10	43	0	43	143	86	72	26	20	0	10	14	9	16	57	154	104	26	0	0
37183	2702	52801	2	1199	448	748	756	0	124	237	79	237	453	209	217	35	0	45	48	92	147	166	170	410	140	23	3	0
37183	2702	52801	3	273	60	213	192	0	17	50	14	50	120	62	12	29	0	0	40	18	28	20	40	93	28	6	0	0
37183	2702	52801	4	512	125	250	103	40	71	139	22	139	91	59	23	63	0	0	89	90	99	39	36	22	0	0	137	0
37183	2702	52802	1	626	180	446	278	38	111	139	60	139	278	115	64	30	0	0	34	78	76	95	100	162	55	26	0	0
37183	2702	52802	2	557	120	437	191	34	54	244	34	244	141	59	88	15	10	0	56	71	145	67	77	125	16	0	0	0
37183	2702	52802	3	647	227	420	289	20	118	159	61	159	232	129	85	30	0	12	31	95	92	103	124	174	22	6	0	0
37183	2702	52802	4	517	206	311	339	22	29	118	9	118	172	47	109	37	34	0	27	33	138	37	76	177	29	0	0	0
37183	2702	52803	1	240	59	181	149	0	23	42	26	42	127	47	9	5	10	0	24	47	51	41	23	54	0	0	0	0
37183	2601	52803	2	1277	509	768	552	57	324	272	72	272	358	323	183	100	41	0	147	198	192	172	179	343	32	14	0	0
37183	2702	52803	3	410	102	304	120	8	77	163	38	163	135	42	39	9	10	8	67	40	118	60	60	61	0	0	0	4
37183	2702	52803	4	206	60	146	83	7	23	78	15	78	59	34	28	5	2	0	18	18	59	48	32	31	0	0	0	0
37183	2702	52804	1	560	171	389	340	22	42	109	47	109	248	91	71	36	0	5	103	45	42	95	63	115	71	26	0	0
37183	2702	52804	2	811	244	567	453	0	79	238	41	238	287	139	83	42	17	5	110	64	146	79	83	208	88	33	0	0
37183	2601	52804	3	281	151	126	160	26	38	39	14	39	36	73	89	26	5	9	6	37	33	56	37	80	21	7	0	4
37183	2601	52804	4	1113	506	601	529	9	256	244	69	244	324	220	203	67	31	18	107	104	168	114	184	335	89	6	0	6
37183	2702	52805	1	1455	511	944	888	71	165	274	57	274	529	285	225	71	61	10	140	107	165	210	272	361	160	40	0	0
37183	2702	52805	2	45	9	36	17	0	23	0	5	0	42	0	0	3	0	0	5	0	20	14	6	0	0	0	0	0
37183	2702	52805	3	1183	426	610	668	24	108	188	48	188	319	260	172	66	11	20	80	82	102	98	139	355	134	46	50	97
37183	2702	52805	4	214	50	164	97	0	26	82	9	82	68	19	37	4	4	0	49	28	22	35	36	20	20	4	0	0
37183	2702	52900	1	815	339	476	515	46	89	130	35	130	307	135	117	76	38	12	66	37	104	125	77	297	78	31	0	0
37183	2702	52900	2	1615	771	844	1150	24	166	204	71	204	507	379	408	70	39	8	117	82	132	164	254	645	168	53	0	0
37183	2702	52900	3	1326	566	760	899	56	108	208	55	208	467	257	261	94	22	17	76	91	168	166	182	436	173	34	0	0
37183	2702	52900	4	643	266	319	397	23	38	87	40	87	181	148	117	34	18	0	60	57	61	50	123	166	59	9	30	28
37183	2701	53001	1	1721	788	933	1444	39	59	169	10	169	655	340	412	112	33	0	33	47	83	142	114	611	451	240	0	0
37183	2701	53001	2	3732	1948	1784	2964	48	148	459	113	459	1133	709	958	342	102	29	99	118	144	165	199	1090	1242	675	0	0
37183	2601	53002	1	1757	592	1165	985	67	114	360	231	360	704	247	291	105	40	10	111	133	181	206	350	418	270	88	0	0
37183	2601	53002	2	557	140	417	243	35	51	185	43	185	208	52	81	6	15	10	129	67	70	64	88	56	60	23	0	0
37183	2702	53002	3	435	118	317	266	0	43	110	16	110	164	102	59	0	0	0	26	24	89	97	36	138	25	0	0	0
37183	2702	53002	4	570	203	367	309	15	106	100	40	100	193	141	77	40	19	0	33	73	80	89	94	124	61	16	0	0
37183	2702	53002	5	627	190	437	346	35	57	138	51	138	230	107	79	62	11	0	52	87	111	24	75	103	115	60	0	0
37183	2702	53101	1	644	262	325	369	29	43	103	43	103	203	114	102	44	8	13	45	72	66	35	110	168	69	22	57	0
37183	2702	53101	2	1144	389	755	589	48	158	284	65	284	440	181	157	53	26	3	121	139	177	167	164	276	73	27	0	0
37183	2702	53101	3	791	334	457	418	27	155	159	32	159	235	189	123	57	20	8	127	89	95	85	136	193	44	22	0	0
37183	2702	53101	4	884	296	501	410	21	111	234	21	234	245	166	100	35	15	2	142	101	134	97	106	184	26	7	87	0
37183	2702	53101	5	218	117	101	156	15	11	22	14	22	65	48	57	19	7	0	5	10	24	11	32	103	26	7	0	0
37183	2702	53103	1	1229	507	716	697	43	157	247	79	247	399	230	204	92	45	6	54	112	165	131	182	366	152	61	0	6
37183	2702	53103	2	906	400	469	613	36	38	133	49	133	270	157	177	68	33	31	50	73	66	118	159	289	80	34	37	0
37183	2702	53103	3	889	405	478	630	40	52	124	37	124	285	214	173	59	15	13	66	50	129	120	171	241	106	0	0	6
37183	2702	53104	4	1281	537	744	927	36	97	182	39	182	484	239	261	72	33	10	106	61	117	115	175	381	242	84	0	0
37183	2702	53104	5	1576	619	957	931	66	147	320	112	320	551	309	263	84	29	20	175	166	218	188	327	341	142	19	0	0
37183	2702	53200	1	712	282	391	472	11	85	96	9	96	243	160	126	48	0	0	26	90	93	87	90	195	64	28	39	0
37183	2702	53200	2	572	259	313	399	9	19	111	34	111	171	110	92	55	26	7	42	19	22	38	80	251	98	22	0	0
37183	2702	53200	3	1722	704	1018	960	57	236	373	96	373	559	356	298	91	33	12	178	139	174	236	314	517	127	37	0	0
37183	2702	53200	4	2104	986	1118	1595	39	102	274	94	274	734	405	485	162	21	23	80	85	134	156	211	688	433	317	0	0
37183	2702	53200	5	1063	507	553	804	23	56	141	36	141	354	223	238	72	28	4	34	65	45	68	145	368	252	83	0	3
37183	2701	53402	1	757	397	360	541	10	33	124	49	124	204	168	168	81	12	0	12	19	22	29	93	367	174	41	0	0
37183	2701	53402	2	1580	1099	481	1392	23	59	88	18	88	361	360	560	151	52	8	35	6	32	69	128	600	537	173	0	0
37183	2702	53403	1	1527	612	903	1069	62	70	250	64	250	572	292	271	99	31	0	125	133	84	125	245	445	285	73	0	12
37183	2702	53403	2	1226	496	730	808	50	67	250	51	250	435	248	182	111	0	0	43	115	98	135	112	344	265	114	0	0
37183	2702	53403	3	53	17	36	53	0	0	0	0	0	32	4	17	0	0	0	0	8	0	28	0	0	17	0	0	0
37183	2702	53403	4	3370	1558	1772	2304	63	230	548	185	548	1120	614	722	256	64	6	117	118	192	265	451	1273	648	266	0	40
37183	2702	53403	5	342	103	239	192	0	9	107	34	107	110	77	40	0	0	8	25	54	24	54	56	52	63	14	0	0
37183	2702	53404	1	1530	588	920	872	56	172	323	85	323	473	300	268	79	49	16	134	170	200	154	250	419	142	39	8	14
37183	2702	53404	2	3493	1657	1836	2430	57	282	586	138	586	1062	675	777	302	62	29	100	184	212	279	502	1177	800	239	0	0
37183	2701	53405	1	1396	600	737	941	18	67	241	70	241	443	204	311	111	22	5	27	55	27	148	95	396	291	298	59	0
37183	2701	53406	1	608	395	213	520	12	28	48	0	48	162	120	191	87	0	0	0	15	10	31	33	260	183	76	0	0
37183	2701	53406	2	329	187	142	232	19	14	42	22	42	95	80	73	39	0	0	0	0	16	25	55	161	58	14	0	0
37183	2701	53406	3	897	373	524	550	4	50	239	54	239	288	140	141	74	15	0	47	62	84	52	93	336	130	93	0	0
37183	2701	53407	1	934	492	442	680	14	43	172	25	172	243	193	209	110	7	0	11	62	16	40	56	317	286	146	0	0
37183	2701	53407	2	1250	634	478	899	17	26	132	38	132	315	226	295	98	39	7	10	41	25	28	75	443	357	133	138	0
37183	2701	53501	1	308	78	212	143	0	30	111	6	111	72	67	26	14	0	0	62	75	31	33	35	34	20	0	0	18
37183	2701	53501	2	331	141	190	174	7	13	104	33	104	93	61	41	32	0	0	17	97	91	30	41	55	0	0	0	0
37183	2701	53501	3	403	92	311	182	16	37	97	71	97	156	67	55	20	8	0	33	45	15	33	66	172	39	0	0	0
37183	2701	53501	4	591	241	350	251	54	81	119	86	119	155	109	127	8	56	17	35	128	115	117	66	83	40	7	0	0
37183	2701	53501	5	1403	383	1020	600	54	144	437	168	437	517	175	123	113	8	30	146	109	240	198	236	321	97	56	0	0
37183	2701	53505	1	293	163	130	254	0	15	19	5	19	93	57	108	16	0	0	0	0	15	20	24	97	105	32	0	0
37183	2701	53505	2	213	41	172	127	4	25	48	9	48	71	52	24	10	0	8	7	18	10	21	58	53	28	18	0	0
37183	2701	53505	3	447	163	284	337	0	27	74	9	74	194	62	63	25	29	0	12	12	47	58	52	128	81	57	0	0
37183	2701	53505	4	483	166	317	274	0	29	143	37	143	172	40	69	48	10	1	59	15	28	41	42	156	108	34	0	0
37183	2701	53506	1	381	76	287	165	12	42	144	0	144	90	71	33	25	0	0	38	58	9	55	61	77	45	20	0	18
37183	2701	53506	2	390	89	301	311	0	0	53	26	53	218	60	28	17	14	0	0	17	23	38	62	107	107	36	0	0
37183	2701	53506	3	571	171	377	353	17	43	116	19	116	257	34	85	56	0	0	22	47	35	50	107	130	111	46	0	23
37183	2701	53506	4	843	377	333	509	9	50	86	56	86	205	191	160	28	16	24	9	8	37	58	95	290	151	62	133	0
37183	2701	53507	1	360	77	283	163	13	23	140	21	140	134	41	39	6	0	0	32	39	43	39	67	72	48	20	0	0
37183	2701	53507	2	323	53	210	156	0	5	95	7	95	85	18	17	22	0	26	22	13	28	10	48	36	69	37	60	0
37183	2701	53507	3	227	48	179	180	6	6	27	8	27	125	38	13	8	16	0	4	23	20	28	31	97	18	6	0	0
37183	2701	53507	4	520	145	326	121	8	101	157	84	157	173	59	65	17	0	0	43	59	54	93	110	101	11	0	49	0
37183	2701	53508	1	328	94	234	218	0	0	96	14	96	114	39	79	0	0	0	8	8	24	54	34	136	64	0	0	0
37183	2701	53508	2	1478	436	1042	550	17	214	483	214	483	507	226	124	33	59	46	75	194	205	251	299	355	79	20	0	0
37183	2701	53508	3	418	97	321	177	9	54	127	51	127	152	89	22	19	9	0	19	16	31	59	66	173	54	0	0	0
37183	2701	53508	4	603	208	395	321	15	47	181	39	181	205	52	104	51	5	5	32	15	76	51	73	193	139	24	0	0
37183	2701	53508	5	588	245	337	405	16	28	104	29	104	186	109	75	86	22	0	15	30	15	59	63	250	131	19	0	6
37183	2701	53509	1	545	163	382	443	11	25	58	8	58	256	84	113	18	16	0	0	4	49	20	66	141	144	121	0	0
37183	2701	53509	2	681	324	357	607	19	15	38	2	38	260	119	171	88	5	0	16	0	0	58	19	118	191	279	0	0
37183	2701	53509	3	497	283	208	373	6	36	52	24	52	130	111	132	43	23	0	5	11	25	51	40	133	109	117	6	0
37183	2701	53510	1	1181	472	709	671	64	90	174	182	174	426	233	227	91	21	9	92	90	127	118	195	344	131	84	0	0
37183	2701	53510	2	960	214	746	329	15	34	457	125	457	245	126	82	26	12	12	56	103	163	144	131	261	96	6	0	0
37183	2701	53510	3	556	246	256	399	0	24	54	25	54	169	119	116	28	8	8	17	13	25	13	22	218	126	68	54	0
37183	2701	53510	4	488	162	326	339	0	45	79	25	79	210	83	80	22	14	0	34	21	13	34	38	227	95	26	0	0
37183	2701	53512	1	853	311	542	540	37	42	165	69	165	356	136	149	32	15	0	9	57	18	29	171	269	236	64	0	0
37183	2701	53512	2	668	307	361	421	17	18	170	42	170	190	113	148	40	7	0	24	24	48	84	66	178	124	120	0	0
37183	2701	53512	3	706	122	584	228	0	16	401	61	401	151	60	59	25	10	0	39	75	84	113	141	144	75	35	0	0
37183	2701	53513	1	844	210	634	324	31	36	314	139	314	278	132	97	23	0	0	30	44	99	113	155	239	116	48	0	0
37183	2701	53513	2	690	218	472	331	40	85	184	50	184	241	123	73	28	27	14	59	98	82	65	134	164	88	0	0	0
37183	2701	53514	1	1019	346	673	503	45	38	317	116	317	319	170	145	50	5	13	66	31	84	91	154	316	190	87	0	0
37183	2701	53514	2	1318	533	785	809	26	63	327	93	327	439	174	265	83	30	0	53	53	67	90	141	317	319	278	0	0
37183	2701	53515	1	1028	312	716	540	15	62	270	141	270	387	146	136	64	18	7	13	59	94	108	238	321	159	36	0	0
37183	2701	53515	2	572	219	353	334	22	68	133	15	133	180	127	119	0	13	0	0	36	57	54	97	207	93	28	0	0
37183	2701	53515	3	556	233	323	330	8	91	113	14	113	159	134	75	66	9	0	41	11	40	23	74	223	109	35	0	0
37183	2701	53600	1	2178	767	1411	1303	67	112	555	141	555	777	365	329	117	33	2	92	114	153	166	318	643	348	344	0	0
37183	2602	53600	2	1384	695	689	1071	25	31	204	53	204	411	217	352	153	47	0	80	59	61	56	93	279	403	353	0	0
37183	2701	53600	3	19	3	16	5	0	4	10	0	10	6	0	3	0	0	0	0	11	0	0	3	5	0	0	0	0
37183	2602	53703	1	4724	2427	2297	3784	87	133	527	193	527	1524	1024	1135	393	112	9	96	93	220	206	493	1522	1250	844	0	0
37183	2602	53706	1	395	149	246	205	8	54	106	22	106	142	67	42	38	0	0	17	35	58	69	60	101	44	11	0	0
37183	2602	53706	2	3038	828	2071	1479	52	181	1016	171	1016	964	372	392	115	20	20	159	228	328	311	284	795	518	276	139	0
37183	2602	53707	1	1830	443	1387	547	111	216	703	253	703	602	262	186	47	30	0	120	175	270	328	300	484	103	50	0	0
37183	2602	53707	2	892	245	647	649	9	22	207	5	207	381	121	124	45	14	0	18	41	45	68	83	253	250	134	0	0
37183	2602	53709	1	2160	301	1859	657	83	18	1001	401	1001	792	183	133	43	8	0	166	240	273	203	528	461	157	132	0	0
37183	2602	53710	1	1582	595	987	885	21	93	424	159	424	550	242	255	74	25	12	96	58	90	230	199	491	249	169	0	0
37183	2602	53710	2	1482	307	1175	479	46	130	560	267	560	537	221	109	40	15	0	91	156	144	184	354	413	140	0	0	0
37183	2602	53711	1	1939	708	1231	1142	40	116	495	146	495	662	324	311	99	48	0	57	136	181	193	230	546	390	206	0	0
37183	2602	53712	1	826	395	431	652	10	47	100	17	100	298	157	179	85	7	0	17	25	14	48	70	308	257	87	0	0
37183	2602	53713	1	2065	268	1797	441	33	116	1123	352	1123	639	161	110	32	0	0	154	208	401	211	441	488	68	94	0	0
37183	2602	53714	1	1145	393	752	590	18	92	348	97	348	405	153	176	33	20	10	103	50	74	117	185	371	158	87	0	0
37183	2602	53714	2	738	227	511	438	0	37	170	93	170	245	155	106	56	6	0	19	29	71	86	119	148	194	72	0	0
37183	2602	53715	1	719	200	519	365	16	60	221	57	221	263	147	58	12	18	0	62	47	73	86	66	208	129	48	0	0
37183	2602	53715	2	745	339	406	528	13	58	130	16	130	260	155	112	88	0	0	27	32	24	40	107	229	217	69	0	0
37183	2602	53716	1	2007	486	1521	757	84	178	701	287	701	705	264	241	50	46	0	197	151	287	278	336	542	200	16	0	0
37183	2703	53801	1	1575	752	823	1392	9	36	112	26	112	571	296	382	163	33	18	24	23	67	33	82	379	445	522	0	0
37183	2703	53801	2	1593	754	839	1338	38	50	142	25	142	560	328	396	118	30	19	106	64	76	67	105	382	405	388	0	0
37183	2602	53802	1	494	279	215	403	16	13	44	18	44	144	79	170	42	15	0	18	0	6	14	25	89	100	242	0	0
37183	2602	53802	2	1339	512	827	1098	27	35	171	8	171	597	280	146	93	52	0	21	45	56	88	91	332	338	368	0	0
37183	2602	53802	3	1099	662	437	974	6	49	63	7	63	299	161	354	179	43	0	56	8	10	49	47	206	239	484	0	0
37183	2703	53900	1	789	253	536	509	22	46	160	52	160	327	114	131	33	22	2	65	91	99	59	127	159	91	98	0	0
37183	2703	53900	2	941	445	496	730	32	37	131	11	131	296	194	215	75	19	11	77	91	52	102	94	262	180	83	0	0
37183	2602	54001	1	1867	418	1449	595	125	168	756	223	756	588	264	126	81	19	33	176	286	304	231	266	446	105	53	0	0
37183	2602	54001	2	715	147	565	314	8	102	199	89	199	307	102	85	8	0	11	31	57	101	63	73	250	107	30	0	3
37183	2602	54003	1	2487	944	1543	1833	27	199	387	41	387	912	461	485	181	42	19	88	97	143	165	209	770	527	488	0	0
37183	2602	54004	1	2186	490	1696	688	103	332	819	244	819	802	285	172	67	17	24	183	237	302	298	292	693	155	26	0	0
37183	2602	54006	1	1399	374	909	579	90	133	335	146	335	515	179	131	57	16	50	95	108	143	210	153	338	156	80	0	116
37183	2602	54007	1	1672	469	1203	699	73	143	585	172	585	565	244	196	61	7	14	81	159	271	174	319	427	168	73	0	0
37183	2602	54008	1	2390	675	1715	661	175	334	935	285	935	670	323	236	97	67	62	229	319	457	391	476	448	70	0	0	0
37183	2602	54009	1	1203	604	599	551	97	250	232	73	232	297	297	240	77	38	22	120	157	80	197	230	364	55	0	0	0
37183	2602	54009	2	1996	954	1042	1387	69	164	284	92	284	647	413	439	167	36	10	85	110	125	150	284	595	442	205	0	0
37183	2602	54010	1	3233	1334	1821	1786	66	325	792	186	792	960	559	590	196	48	10	106	322	250	332	442	1049	535	119	78	0
37183	2602	54010	2	407	102	305	148	23	36	154	46	154	160	79	14	0	0	0	52	61	80	60	80	74	0	0	0	0
37183	2602	54102	1	2773	1166	1602	1714	51	282	546	175	546	879	550	502	221	35	35	166	190	355	329	464	931	274	59	0	5
37183	2703	54102	2	824	319	505	469	27	111	187	30	187	275	159	108	58	23	14	85	89	107	106	144	173	82	38	0	0
37183	2602	54104	1	1641	745	896	1084	19	182	286	70	286	527	307	314	127	67	13	70	108	202	186	281	591	168	35	0	0
37183	2602	54105	1	2775	994	1781	1683	59	212	605	216	605	1077	503	418	133	29	10	35	55	201	288	395	1253	400	148	0	0
37183	2601	54106	1	1072	540	475	674	36	121	145	39	145	261	196	239	114	30	30	19	97	106	180	152	347	98	16	23	34
37183	2601	54106	2	390	157	233	158	31	53	102	46	102	130	88	42	21	7	0	0	42	41	69	78	110	36	14	0	0
37183	2703	54107	1	2328	1011	1222	1359	98	229	438	109	438	672	442	456	155	51	19	151	182	270	260	360	735	218	57	95	0
37183	2703	54107	2	905	334	571	552	40	92	167	54	167	313	188	147	55	21	14	91	117	114	108	147	226	83	19	0	0
37183	2703	54108	1	332	96	236	162	13	40	87	30	87	103	80	37	16	0	9	25	48	47	63	63	66	12	8	0	0
37183	2703	54108	2	1387	695	692	847	74	155	245	66	245	399	328	255	102	40	18	101	96	197	178	290	461	48	16	0	0
37183	2703	54109	1	334	168	166	267	0	17	37	13	37	98	111	80	0	8	0	27	19	7	26	84	120	45	6	0	0
37183	2703	54109	2	600	235	365	351	37	58	124	30	124	192	132	121	13	11	7	39	45	106	108	65	162	49	26	0	0
37183	2703	54201	1	1019	423	596	643	23	78	230	45	230	343	190	163	71	19	3	28	56	108	92	215	401	91	28	0	0
37183	2703	54201	2	2320	995	1325	1570	69	174	370	137	370	823	454	432	177	40	24	212	203	246	218	374	603	306	158	0	0
37183	2703	54201	3	503	166	250	251	6	36	103	20	103	135	63	68	30	17	0	64	49	54	52	69	98	27	3	0	87
37183	2703	54201	4	435	153	282	155	14	117	123	26	123	123	82	68	22	9	8	120	51	33	71	59	90	9	2	0	0
37183	2602	54201	5	1600	577	821	850	30	134	317	67	317	471	260	240	83	23	4	152	146	114	113	177	416	164	116	202	0
37183	2703	54202	1	1333	673	660	1039	36	68	152	38	152	412	297	308	116	35	13	77	89	92	99	168	423	294	91	0	0
37183	2703	54202	2	1235	560	675	837	35	105	199	59	199	389	247	253	94	44	9	89	103	156	92	234	400	128	33	0	0
37183	2703	54202	3	643	227	416	438	24	50	115	16	115	243	140	116	29	0	0	61	49	99	74	110	220	25	5	0	0
37183	2703	54202	4	613	246	367	428	4	43	126	12	126	201	93	111	46	11	25	61	75	70	66	122	168	49	2	0	0
37183	2703	54301	1	577	207	370	309	27	77	124	40	124	154	121	99	60	5	14	89	44	96	70	96	155	15	12	0	0
37183	2703	54301	2	347	114	233	193	32	15	86	21	86	122	37	61	0	18	23	40	43	24	51	61	97	19	12	0	0
37183	2703	54301	3	468	166	302	294	6	33	105	30	105	146	89	56	50	20	2	51	67	49	28	40	131	96	6	0	0
37183	2703	54301	4	362	125	237	263	20	20	51	8	51	130	82	72	16	0	11	54	30	56	40	49	77	19	37	0	0
37183	2703	54302	1	1074	398	620	524	33	178	246	37	246	342	189	156	57	21	7	128	150	120	131	153	263	59	14	56	0
37183	2703	54302	2	405	138	267	229	34	65	73	4	73	134	85	78	10	14	11	52	44	83	44	44	87	37	14	0	0
37183	2703	54302	3	261	99	162	125	7	39	79	11	79	46	51	42	37	6	0	50	33	43	34	42	32	25	2	0	0
37183	2703	54302	4	507	173	334	210	26	110	124	37	124	156	88	72	39	11	17	132	87	72	57	67	60	29	3	0	0
37183	2703	54401	1	936	403	421	535	23	89	112	65	112	254	189	161	66	36	6	80	96	123	95	138	225	43	24	0	112
37183	2703	54401	2	719	273	446	429	42	104	118	26	118	220	141	139	59	42	0	84	104	62	95	198	128	48	0	0	0
37183	2703	54401	3	1324	426	831	586	22	178	406	65	406	366	211	171	69	25	9	278	144	184	151	191	232	60	17	0	67
37183	2703	54402	1	391	122	269	225	12	69	78	7	78	161	61	57	21	5	8	52	36	37	51	85	100	28	2	0	0
37183	2703	54402	2	729	285	444	392	24	111	173	29	173	231	142	117	43	14	9	64	75	104	90	150	176	56	14	0	0
37183	2703	54402	3	442	168	274	294	13	43	81	11	81	136	97	94	32	0	2	69	21	27	39	113	133	40	0	0	0
