37037	2900	20100	1	395	419	44	111	92	106	107	202	83	42	5	22	741	73	0	0	0	0	0	166	477	0	171
37037	2900	20100	2	1110	945	178	310	194	360	447	294	127	105	34	6	1752	230	53	0	0	13	7	488	1233	17	317
37037	2900	20100	3	634	700	88	120	77	339	336	190	107	48	29	0	1277	38	10	9	0	0	0	214	946	17	157
37037	2900	20100	4	494	673	60	142	118	112	327	184	106	42	76	0	876	291	0	0	0	0	0	223	681	17	246
37037	2900	20100	5	1395	1410	92	238	178	188	336	381	297	686	348	61	2465	290	16	34	0	0	0	376	1030	18	1381
37037	2900	20100	6	1138	1144	157	324	140	323	340	381	391	191	24	11	1743	387	0	30	0	122	0	490	1068	0	724
37037	2900	20200	1	875	806	159	256	226	193	258	212	139	181	40	17	1373	202	0	63	0	0	43	424	764	45	448
37037	2900	20200	2	663	624	60	120	160	152	195	188	200	102	94	16	1171	43	0	0	0	73	0	191	755	4	337
37037	2900	20200	3	654	820	115	220	164	241	189	339	97	42	46	21	1267	135	0	0	0	54	18	349	808	8	309
37037	2900	20200	4	938	902	113	220	148	258	369	270	162	169	90	41	1329	441	0	11	0	41	18	370	992	11	467
37037	2900	20300	1	804	900	107	301	141	202	311	247	162	164	64	5	1128	361	5	0	0	167	43	430	769	30	475
37037	2900	20300	2	511	466	50	128	136	84	199	142	52	128	52	6	644	284	7	17	0	11	14	191	491	19	276
37037	2900	20400	1	916	781	156	327	240	324	222	182	126	62	50	8	894	240	11	12	0	540	0	512	764	38	383
37037	2900	20400	2	1095	1047	99	232	340	457	256	252	202	125	134	45	743	824	0	0	0	575	0	342	1219	48	533
37037	2900	20400	3	1067	1169	197	350	280	401	377	253	135	130	102	11	1134	405	0	0	0	631	66	556	1112	48	520
37037	2900	20400	4	530	592	57	127	105	226	181	75	109	99	90	53	945	53	0	0	0	124	0	184	524	54	360
37037	2900	20400	5	469	535	19	85	125	74	136	181	127	160	56	41	702	190	0	0	0	52	60	108	489	20	387
37037	2900	20400	6	481	477	52	194	116	193	211	57	42	63	24	6	568	132	12	0	0	246	0	256	421	23	258
37037	2900	20500	1	572	494	67	132	117	178	141	161	118	58	82	12	918	99	26	0	0	12	11	222	532	21	291
37037	2900	20500	2	663	746	69	173	186	187	214	233	133	137	64	13	1174	235	0	0	0	0	0	299	702	46	362
37037	2900	20500	3	555	569	71	153	92	118	183	182	135	107	83	0	1077	18	0	0	0	29	0	238	596	25	265
37037	2900	20600	1	439	510	68	137	103	162	207	137	45	60	24	6	843	82	0	0	0	24	0	244	535	16	154
37037	2900	20600	2	961	924	75	255	216	229	260	387	208	138	104	13	1237	614	0	0	0	13	21	376	978	17	514
37037	2900	20600	3	579	613	41	134	118	122	199	210	129	126	85	28	930	231	0	12	0	5	14	175	623	7	387
37037	2900	20600	4	337	344	45	107	58	93	89	109	87	36	55	2	569	112	0	0	0	0	0	162	298	7	214
37037	2900	20700	1	1556	1878	199	388	241	422	577	460	231	189	531	196	3012	251	26	40	0	34	71	605	1573	17	1239
37037	2900	20700	2	613	569	97	117	95	205	206	165	129	124	37	7	964	183	18	0	0	12	5	214	605	42	321
37037	2900	20700	3	494	502	33	116	106	129	127	222	122	76	42	23	705	279	4	0	0	0	8	172	507	0	317
37037	2900	20800	1	894	1029	140	210	214	223	312	296	192	194	113	29	1253	589	2	0	9	54	16	369	879	58	617
37037	2900	20800	2	1095	1128	176	235	233	336	439	385	156	113	83	67	1669	413	4	14	0	87	36	427	1259	49	488
37037	2900	20800	3	621	728	26	232	149	128	295	193	138	85	40	63	1028	313	5	0	0	3	0	304	733	18	294
37037	2900	20800	4	645	692	88	159	150	253	168	182	159	67	80	31	1029	299	0	0	0	3	6	261	760	11	305
37063	2802	101	1	528	561	63	128	149	150	197	168	86	50	68	30	717	372	0	0	0	0	0	202	593	18	276
37063	2802	101	2	928	1134	190	404	248	418	239	230	176	72	47	38	597	1347	7	50	0	55	6	645	851	71	495
37063	2802	102	1	2257	2205	326	404	666	971	665	454	214	245	306	211	2363	1398	21	37	0	513	130	808	2280	89	1285
37063	2802	200	1	349	423	42	81	120	140	166	119	19	41	33	11	322	418	0	0	0	17	15	123	436	30	183
37063	2802	200	2	787	618	137	214	192	331	293	152	30	24	26	6	303	873	11	7	0	172	39	357	577	67	404
37063	2802	200	3	444	495	46	74	63	180	204	171	73	59	49	20	573	248	0	47	0	57	14	120	545	17	257
37063	2802	301	1	515	512	64	112	165	315	155	96	31	41	34	14	339	501	0	0	7	136	44	186	539	9	293
37063	2802	301	2	397	338	43	143	112	122	145	81	56	20	6	7	122	457	0	0	0	156	0	198	389	37	111
37063	2802	301	3	335	257	29	25	69	182	74	62	57	41	36	17	266	314	0	5	0	7	0	54	364	3	171
37063	2802	302	1	348	395	29	80	84	174	86	107	68	56	54	5	584	139	0	20	0	0	0	112	418	13	200
37063	2802	302	2	557	527	90	99	221	213	220	162	41	19	19	0	527	489	0	6	0	46	16	215	604	23	242
37063	2802	302	3	872	828	70	148	386	422	337	208	73	21	35	0	1135	400	0	51	0	114	0	237	1071	56	336
37063	2802	401	1	548	514	46	85	142	187	189	159	45	68	121	20	770	240	8	4	0	40	0	136	453	22	451
37063	2802	401	2	472	491	67	87	93	225	182	127	32	40	105	5	891	41	0	31	0	0	0	168	579	36	180
37063	2802	401	3	330	338	33	81	31	126	181	110	62	36	0	8	541	84	5	17	0	0	21	114	444	23	87
37063	2802	402	1	723	710	101	104	227	382	268	140	83	56	63	9	1053	225	6	0	0	82	67	216	904	21	292
37063	2801	500	1	634	592	5	11	670	181	85	50	19	12	105	88	752	257	12	156	0	20	29	16	468	26	716
37063	2801	500	2	345	389	69	80	149	122	146	109	24	20	9	6	274	398	0	35	0	14	13	149	378	17	190
37063	2801	500	3	523	557	43	148	245	279	169	87	48	48	5	8	137	819	9	0	0	94	21	195	643	56	186
37063	2801	500	4	596	637	129	194	261	188	204	111	75	43	16	12	69	953	0	0	0	211	0	347	428	53	405
37063	2801	600	1	1158	1197	222	324	223	572	445	248	136	94	75	16	1265	766	0	122	0	147	55	562	1267	50	476
37063	2801	600	2	1331	1414	143	278	527	529	397	344	171	198	138	20	1595	950	0	32	15	111	42	430	1517	45	753
37063	2801	700	1	335	429	31	78	73	93	96	114	57	72	94	56	330	407	6	0	0	15	6	109	315	11	329
37063	2801	700	2	500	517	55	104	78	222	151	176	102	71	42	16	816	139	27	0	0	35	0	159	589	26	243
37063	2801	700	3	532	589	128	134	146	133	236	174	66	49	23	32	572	527	6	0	0	7	9	276	610	43	192
37063	2802	801	1	155	63	0	0	9	51	101	44	13	0	0	0	28	190	0	0	0	0	0	0	74	54	90
37063	2802	802	1	539	462	74	147	94	218	197	103	77	57	14	20	282	530	8	14	0	110	57	221	529	33	218
37063	2802	900	1	547	353	79	136	162	172	134	94	34	55	19	15	199	500	0	0	0	188	13	215	365	76	244
37063	2802	900	2	611	607	76	197	168	194	159	157	106	65	72	24	25	1103	0	0	0	76	14	286	460	44	428
37063	2802	1001	1	591	709	79	267	271	201	158	150	78	72	24	0	170	929	0	0	0	123	78	370	574	23	333
37063	2802	1001	2	1052	943	315	313	381	345	280	174	98	46	37	6	233	1375	26	0	0	333	28	649	622	171	553
37063	2802	1001	3	740	872	120	327	246	206	279	154	90	65	113	12	244	1289	13	0	0	38	28	487	510	70	545
37063	2802	1002	1	1380	1450	343	437	498	507	397	346	152	104	33	13	396	2103	0	0	0	275	56	817	1280	116	617
37063	2802	1002	2	367	458	33	211	152	75	139	123	39	11	21	21	189	594	0	0	0	34	8	287	340	7	191
37063	2802	1002	3	489	394	60	116	197	144	143	90	80	32	14	7	166	650	0	0	0	53	14	176	496	32	179
37063	2802	1002	4	857	735	168	284	316	418	174	80	41	64	47	0	344	664	0	0	0	520	64	452	560	114	466
37063	2802	1100	1	1027	1106	230	302	301	409	363	175	162	123	62	6	511	1425	0	57	0	109	31	541	740	171	681
37063	2802	1100	2	838	756	106	302	331	202	246	175	87	51	78	16	120	1140	0	0	0	328	6	431	584	130	449
37063	2801	1201	1	855	604	119	243	246	365	210	122	41	69	39	5	150	1268	0	0	0	24	17	376	382	53	648
37063	2801	1202	1	395	584	165	236	215	107	97	92	31	6	15	15	20	902	29	0	0	0	28	418	243	88	230
37063	2801	1301	1	387	475	44	147	87	78	174	83	107	55	58	29	13	849	0	0	0	0	0	202	288	15	357
37063	2801	1301	2	275	269	54	87	63	93	122	40	5	37	29	14	0	521	0	0	0	23	0	149	146	20	229
37063	2801	1303	1	1235	1733	40	138	1911	160	210	122	120	121	101	45	0	2929	7	0	24	0	8	178	866	882	1042
37063	2801	1303	2	276	368	54	117	92	86	77	74	43	56	40	5	0	604	0	0	0	0	40	171	231	18	224
37063	2801	1304	1	1256	1656	284	496	404	476	357	302	224	192	138	39	209	2463	0	0	0	240	0	824	1116	84	888
37063	2801	1400	1	449	803	92	249	211	109	197	172	77	101	34	10	0	1240	0	0	0	0	12	361	428	79	384
37063	2801	1400	2	1036	1121	365	522	304	357	257	118	80	78	50	26	35	2004	0	0	0	113	5	892	715	119	431
37063	2801	1501	1	1572	1409	0	0	2938	33	10	0	0	0	0	0	2204	239	9	422	0	9	98	0	921	240	1820
37063	2801	1502	1	1756	1610	264	212	1080	874	292	244	66	207	63	64	947	1442	18	234	0	640	85	481	1695	86	1104
37063	2801	1502	2	1512	1247	232	216	679	854	371	190	79	84	35	19	820	1027	17	472	14	308	101	448	1318	92	901
37063	2802	1503	1	881	840	0	0	1713	8	0	0	0	0	0	0	1219	115	0	270	0	43	74	0	515	45	1161
37063	2802	1601	1	432	446	32	100	95	112	100	166	119	82	49	23	705	137	0	0	0	0	36	153	465	6	254
37063	2802	1601	2	1391	1342	217	453	220	408	601	489	182	141	22	0	1749	766	0	153	0	14	51	723	1450	26	534
37063	2802	1601	3	864	1041	84	237	172	182	294	282	211	203	160	80	1579	226	55	8	0	17	20	338	879	20	668
37063	2802	1603	1	338	377	51	101	28	130	111	76	89	88	41	0	559	156	0	0	0	0	0	157	368	0	190
37063	2802	1603	2	896	943	106	275	171	211	331	402	172	93	61	17	1492	256	91	0	0	0	0	430	1098	0	311
37063	2802	1603	3	590	653	59	136	216	79	228	257	164	67	32	5	1102	96	0	41	0	4	0	221	693	41	288
37063	2802	1603	4	891	861	102	299	181	117	428	337	182	57	42	7	1628	90	0	27	0	0	7	422	916	14	400
37063	2802	1604	1	643	684	88	181	78	148	250	261	214	77	30	0	1258	22	0	0	0	26	21	290	889	3	145
37063	2802	1604	2	1211	1473	105	402	334	138	400	639	383	173	87	23	2259	368	9	43	0	0	5	554	1479	17	634
37063	2802	1604	3	728	611	68	161	183	115	272	285	97	151	0	7	989	304	0	18	0	28	0	245	775	37	282
37063	2802	1705	1	746	837	67	225	95	226	259	167	123	220	175	26	1155	344	0	72	0	0	12	292	731	17	543
37063	2802	1705	2	724	880	63	176	121	116	190	287	201	197	241	12	1478	106	0	20	0	0	0	266	766	20	552
37063	2802	1705	3	413	474	65	127	118	140	163	138	85	26	19	6	491	351	0	4	0	41	0	219	400	56	212
37063	2801	1706	1	1902	1945	264	356	658	1105	784	301	219	116	44	0	2652	740	0	249	0	78	128	620	2329	81	817
37063	2802	1707	1	1274	1580	118	396	183	276	515	305	247	227	400	187	2539	168	0	90	0	0	57	548	1184	46	1076
37063	2802	1707	2	1174	1290	129	248	229	284	336	673	264	185	76	40	2240	132	7	40	0	0	45	417	1628	15	404
37063	2802	1707	3	283	302	21	90	27	88	99	79	65	37	79	0	507	71	0	0	0	0	7	111	311	0	163
37063	2802	1708	1	1234	1486	147	373	388	356	353	429	299	139	162	74	383	2218	0	6	0	23	90	551	1451	36	682
37063	2802	1709	1	470	490	41	224	162	115	136	129	68	32	38	15	19	933	0	0	0	0	8	301	365	20	274
37063	2802	1709	2	432	534	39	222	135	107	185	141	75	35	11	16	0	950	0	0	0	0	16	274	428	25	239
37063	2802	1709	3	1006	1577	274	496	308	447	294	246	127	184	147	60	500	1924	13	0	0	109	37	833	952	26	772
37063	2802	1710	1	808	935	88	262	197	308	329	219	115	143	82	0	1019	669	9	21	0	6	19	366	914	53	410
37063	2802	1710	2	605	822	156	194	177	301	268	190	54	68	19	0	540	686	21	76	0	31	73	363	800	40	224
37063	2802	1711	1	465	437	58	97	104	267	116	143	60	50	7	0	550	314	0	22	0	16	0	179	564	26	133
37063	2802	1711	2	666	735	131	107	293	414	238	127	56	17	18	0	582	636	32	42	0	83	26	247	920	21	213
37063	2802	1711	3	633	860	97	201	212	441	253	167	59	25	22	16	609	685	0	19	0	0	180	304	907	4	278
37063	2802	1801	1	623	678	85	173	40	157	344	208	70	157	48	19	650	639	0	12	0	0	0	265	677	20	339
37063	2802	1801	2	201	448	47	72	86	75	122	91	48	38	60	10	322	315	0	0	0	12	0	127	300	6	216
37063	2802	1801	3	996	1093	116	409	200	358	432	211	199	98	66	0	590	1201	0	24	0	193	81	550	987	38	514
37063	2802	1801	4	406	330	35	84	66	147	108	99	113	61	23	0	629	76	0	20	0	11	0	119	361	17	239
37063	2802	1801	5	351	380	95	109	91	108	123	125	58	22	0	0	591	122	0	0	0	8	10	213	335	0	183
37063	2802	1802	1	1930	2008	294	643	662	710	786	455	121	137	93	37	972	2262	6	38	0	516	144	967	1911	86	974
37063	2802	1802	2	796	966	135	323	320	296	226	205	156	79	0	22	262	1438	0	0	0	0	62	487	833	87	355
37063	2802	1802	3	398	312	69	166	80	74	110	64	56	46	45	0	317	388	0	0	0	0	5	251	205	20	234
37063	2802	1804	1	850	850	101	144	117	302	220	316	266	118	99	17	1595	50	0	0	0	55	0	261	968	24	447
37063	2802	1804	2	1319	1136	214	494	254	433	625	271	100	57	7	0	1059	1294	18	10	0	55	19	716	1413	24	302
37063	2802	1804	3	1351	1536	203	488	224	589	623	326	210	157	54	13	1275	1442	0	0	0	18	152	724	1529	45	589
37063	2802	1804	4	750	1129	224	261	196	373	311	225	85	95	83	26	1063	801	0	0	0	0	15	485	887	74	433
37063	2801	1805	1	573	595	50	122	232	198	220	99	93	100	48	6	932	108	0	0	0	128	0	192	640	27	309
37063	2801	1805	2	884	905	183	251	139	441	320	174	80	102	91	8	1267	431	0	65	0	0	26	450	957	19	363
37063	2801	1805	3	718	710	82	160	140	198	221	233	199	117	73	5	1154	128	0	8	0	121	17	248	709	20	451
37063	2801	1805	4	781	812	153	193	154	349	309	191	127	91	21	5	1066	458	12	26	0	0	31	357	918	27	291
37063	2802	1900	1	346	405	40	56	62	144	116	96	150	57	10	20	700	25	0	16	0	10	0	100	431	6	214
37063	2802	1900	2	432	464	33	81	53	104	141	259	144	51	19	11	798	79	0	0	0	0	19	114	554	13	215
37063	2801	2007	1	734	913	49	253	108	152	315	301	162	177	97	33	1187	402	6	19	0	33	0	320	874	25	428
37063	2801	2007	2	1097	1149	156	218	244	465	430	311	144	129	135	14	1589	478	0	153	0	0	26	404	1347	21	474
37063	2801	2007	3	334	483	40	104	69	77	116	204	127	23	57	0	261	549	0	0	0	0	7	163	475	7	172
37063	2801	2008	1	414	543	47	101	100	113	138	197	112	103	35	11	887	25	0	22	0	7	16	161	545	10	241
37063	2801	2008	2	943	917	103	290	127	187	270	384	250	133	104	12	1722	101	12	5	0	0	20	418	951	36	455
37063	2801	2009	1	897	970	114	355	222	195	310	258	158	173	64	18	0	1794	0	0	0	0	73	498	878	34	457
37063	2801	2009	2	538	514	45	80	124	202	129	121	173	94	34	50	65	920	0	0	0	67	0	132	555	17	348
37063	2801	2009	3	862	1005	90	271	225	213	332	290	186	149	64	47	18	1775	0	0	0	28	46	386	790	48	643
37063	2801	2010	1	777	831	136	166	244	376	196	141	172	127	42	8	286	862	11	121	0	248	80	312	817	15	464
37063	2801	2010	2	1763	1788	245	570	387	1095	672	403	105	48	26	0	1340	1825	49	190	0	44	103	845	2272	46	388
37063	2801	2010	3	864	1126	173	176	222	360	344	254	189	147	35	90	196	1777	17	0	0	0	0	362	1020	68	540
37063	2801	2011	1	1380	1528	182	317	427	742	400	461	203	47	92	37	2063	576	0	176	0	15	78	538	1780	54	536
37063	2801	2011	2	1123	1395	144	170	283	719	482	395	187	28	96	14	1784	486	0	141	0	28	79	337	1740	66	375
37063	2801	2011	3	1114	1301	262	384	166	609	590	263	78	20	32	11	1686	395	12	277	0	0	45	676	1441	41	257
37063	2801	2012	1	1554	1551	158	269	434	808	422	353	277	148	172	64	2658	211	15	145	0	49	27	452	1890	38	725
37063	2801	2012	2	1071	1356	124	85	349	1014	371	216	127	67	74	0	1551	578	0	151	0	23	124	209	1778	28	412
37063	2801	2012	3	2220	2794	380	534	653	1862	734	359	291	80	109	12	2632	1717	16	474	0	64	111	946	3180	129	759
37063	2801	2012	4	1081	1085	210	327	171	277	533	474	111	18	29	16	1460	667	0	7	0	14	18	556	1282	35	293
37063	2801	2013	1	793	907	97	261	190	286	297	354	118	67	24	6	999	602	14	66	0	0	19	382	1033	29	256
37063	2801	2013	2	421	505	84	149	113	91	193	142	88	48	12	6	711	154	0	38	0	0	23	252	488	31	155
37063	2801	2013	3	856	854	130	214	167	393	330	203	191	70	12	0	1146	388	13	112	0	16	35	353	1075	45	237
37063	2801	2014	1	1633	1502	210	306	416	942	417	350	230	162	59	43	1715	839	10	451	0	56	64	532	1868	54	681
37063	2801	2014	2	332	248	14	26	17	232	89	139	32	6	18	7	370	87	0	66	0	30	27	40	365	18	157
37063	2801	2014	3	658	661	101	93	156	501	214	113	77	13	16	35	821	287	41	99	0	33	38	196	914	17	192
37063	2801	2015	1	1538	1589	260	322	532	804	418	262	92	77	225	135	1435	742	6	111	0	608	225	629	1530	67	901
37063	2801	2015	2	1180	1044	114	202	577	688	250	185	103	60	37	8	1079	815	0	202	0	116	12	326	1287	17	594
37063	2801	2016	1	2010	2112	289	471	827	1336	666	278	126	84	22	23	1819	1355	15	261	0	474	198	782	2170	53	1117
37063	2801	2017	1	1827	1955	275	657	281	457	734	681	269	189	161	78	3185	269	23	181	0	14	110	957	1804	60	961
37063	2801	2017	2	453	634	64	88	68	87	116	225	234	126	71	8	1026	10	0	32	0	11	8	158	649	0	280
37063	2801	2018	1	636	723	17	90	216	205	287	230	169	121	15	9	1121	151	0	74	7	0	6	123	873	65	298
37063	2801	2018	2	1785	2010	246	401	442	869	596	601	323	204	79	34	3152	321	0	165	0	76	81	714	2235	25	821
37063	2802	2100	1	821	861	137	202	127	196	371	351	165	83	34	16	1473	151	0	36	0	0	22	362	873	7	440
37063	2802	2100	2	1204	1007	123	321	290	259	451	341	189	62	128	47	1723	423	0	18	0	40	7	475	1184	20	532
37063	2802	2100	3	930	998	75	353	90	212	311	358	259	192	56	22	1647	230	0	0	0	36	15	449	983	15	481
37069	3000	60100	1	651	644	76	159	112	192	231	214	171	74	55	11	703	567	0	0	0	0	25	239	700	12	344
37069	3000	60100	2	610	642	89	230	95	212	196	191	133	86	20	0	758	494	0	0	0	0	0	340	470	59	383
37069	3000	60100	3	450	510	70	119	131	109	187	121	61	113	44	5	473	487	0	0	0	0	0	218	414	28	300
37069	3000	60100	4	376	399	35	125	157	70	143	111	42	70	22	0	238	537	0	0	0	0	0	173	378	32	192
37069	3000	60200	1	881	1070	147	293	212	266	303	251	156	177	127	19	1442	374	0	33	0	58	44	464	915	33	539
37069	3000	60200	2	782	716	81	169	181	182	261	240	165	118	95	6	1052	221	119	22	0	84	0	268	722	41	467
37069	3000	60300	1	839	915	74	246	458	123	271	195	149	116	102	20	1075	673	0	1	0	5	0	340	702	27	685
37069	3000	60300	2	917	910	88	174	204	162	230	263	243	167	167	129	1354	456	0	0	0	17	0	273	801	50	703
37069	3000	60300	3	586	835	73	237	164	196	198	211	115	112	57	58	416	968	29	0	0	8	0	343	608	86	384
37069	3000	60300	4	313	395	47	73	93	97	85	110	52	59	58	34	435	247	0	12	0	0	14	129	351	21	207
37069	3000	60300	5	554	551	83	172	186	210	154	123	70	34	61	12	233	840	6	0	0	25	1	269	400	48	388
37069	3000	60300	6	581	623	77	117	179	65	215	186	162	124	76	3	778	423	0	0	0	0	3	211	599	20	374
37069	3000	60400	1	951	932	153	282	193	302	327	295	170	73	60	28	1282	537	0	8	0	56	0	444	870	51	518
37069	3000	60400	2	471	634	75	163	135	129	177	137	94	110	59	26	738	330	2	2	0	21	12	251	462	35	357
37069	3000	60400	3	996	893	100	277	192	293	434	235	159	126	45	28	889	787	0	0	0	171	42	408	991	60	430
37069	3000	60400	4	877	1101	159	285	272	269	258	292	184	155	63	41	519	1395	0	0	0	55	9	476	832	72	598
37069	3000	60500	1	1561	1592	248	474	326	538	605	484	283	158	37	0	2579	403	17	30	0	75	49	773	1743	61	576
37069	3000	60500	2	2171	2292	412	669	433	797	955	573	251	239	105	29	3814	439	25	25	6	110	44	1125	2469	44	825
37069	3000	60600	1	931	969	120	283	178	375	286	291	178	145	39	5	1594	299	0	0	0	0	7	452	946	31	471
37069	3000	60600	2	2025	1991	371	538	493	704	857	529	280	126	91	27	3321	552	75	0	8	34	26	1001	2128	85	802
37069	3000	60700	1	636	598	70	184	138	195	197	153	158	87	46	6	907	289	0	0	0	38	0	273	600	25	336
37069	3000	60700	2	1011	1112	150	330	191	270	423	359	172	149	67	12	1385	665	0	44	0	11	18	522	1068	28	505
37069	3000	60800	1	626	591	87	204	234	156	235	141	82	47	28	3	743	385	17	0	2	55	15	328	569	45	275
37069	3000	60800	2	1421	1200	163	414	311	539	486	313	199	86	83	27	1194	1246	18	0	0	129	34	579	1034	70	938
37069	3000	60800	3	959	1075	175	281	219	355	448	259	119	111	61	6	1900	94	6	0	0	28	6	481	1002	13	538
37069	3000	60800	4	1000	894	118	280	187	231	399	228	259	117	75	0	1468	389	28	0	0	9	0	411	960	52	471
37077	3300	970100	1	699	767	117	209	153	124	255	243	145	119	90	11	796	646	5	0	0	19	0	347	671	9	439
37077	3300	970100	2	929	989	110	305	276	211	353	216	218	155	47	27	1099	819	0	0	0	0	0	426	889	50	553
37077	3300	970100	3	873	883	154	303	173	270	301	158	166	127	79	25	1109	592	0	0	0	55	0	473	720	60	503
37077	3300	970100	4	1126	1156	118	298	254	264	415	285	321	201	111	15	1252	935	8	0	0	73	14	433	1011	97	741
37077	3300	970100	5	431	450	59	86	100	100	194	188	46	70	38	0	497	384	0	0	0	0	0	171	398	14	298
37077	3300	970200	1	537	529	51	170	78	119	211	159	124	84	63	7	854	169	22	8	0	13	0	233	578	11	244
37077	3300	970200	2	656	869	43	192	146	190	295	155	150	127	140	87	602	867	0	0	56	0	0	267	710	51	497
37077	3300	970200	3	559	528	63	206	135	156	92	86	104	121	66	58	532	410	8	8	0	129	0	279	383	10	415
37077	3300	970300	1	532	736	86	204	157	162	202	210	111	70	44	22	602	654	0	12	0	0	0	322	595	33	318
37077	3300	970300	2	392	491	83	98	135	118	95	107	74	110	49	14	593	161	0	0	0	129	0	192	370	32	289
37077	3300	970300	3	844	754	97	286	190	239	322	141	133	141	37	12	997	526	0	0	0	75	0	401	717	88	392
37077	3300	970400	1	562	668	25	147	56	45	212	214	224	134	161	12	935	287	0	0	0	0	8	185	576	27	442
37077	3300	970400	2	667	954	119	294	214	216	161	201	110	104	110	92	284	1258	0	0	0	47	32	446	484	34	657
37077	3300	970400	3	474	594	96	185	157	181	137	126	49	111	20	6	144	749	28	0	0	147	0	281	397	16	374
37077	3300	970500	1	766	850	97	261	212	195	255	291	173	80	37	15	489	1019	0	0	0	0	108	363	787	74	392
37077	3300	970500	2	402	390	17	122	71	61	143	166	114	57	32	9	526	266	0	0	0	0	0	147	426	24	195
37077	3300	970500	3	503	504	60	239	99	110	183	129	50	90	36	11	515	297	0	0	0	195	0	299	432	14	262
37077	3300	970600	1	1510	1469	230	484	304	551	641	379	225	123	35	7	2478	382	27	53	0	30	9	762	1629	61	527
37077	3300	970600	2	782	696	108	261	202	202	275	184	75	127	32	12	808	480	0	0	0	107	83	386	747	39	306
37077	3300	970600	3	449	409	38	94	67	124	165	124	111	65	53	17	723	122	0	9	0	0	4	140	455	6	257
37077	3300	970600	4	1116	1213	176	308	280	373	390	299	252	139	79	33	1990	332	0	7	0	0	0	521	1226	48	534
37077	3300	970600	5	387	509	44	145	64	150	134	132	78	80	50	19	414	456	10	3	0	13	0	200	401	7	288
37077	3300	970600	6	1708	1703	282	608	234	560	864	384	265	134	37	43	3014	345	0	0	0	20	32	890	1836	27	658
37077	3300	970700	1	482	384	68	60	93	108	133	202	89	78	35	0	710	149	0	0	0	0	7	140	482	32	212
37077	3300	970700	2	1387	1453	178	559	283	454	597	354	222	121	45	27	2377	325	11	8	0	101	18	790	1422	32	596
37077	3300	970700	3	3468	591	99	127	419	1101	1011	683	442	140	29	8	1711	2014	52	61	0	135	86	249	537	0	3273
37077	3300	970700	4	1305	195	0	87	905	124	168	76	41	42	41	16	526	855	25	15	0	14	65	103	49	0	1348
37077	3300	970700	5	1255	1340	195	416	291	412	538	309	210	92	124	8	1779	639	0	0	0	127	50	642	1259	46	648
37077	3300	970700	6	724	899	142	236	164	266	318	194	149	102	44	8	843	572	38	14	0	144	12	378	720	30	495
37085	3100	70100	1	651	812	81	204	139	199	199	153	223	127	110	28	1041	263	137	0	0	12	10	308	644	66	445
37085	3100	70100	2	547	757	156	210	197	200	139	154	66	116	59	7	474	774	22	0	0	27	7	392	483	55	374
37085	3100	70100	3	837	995	139	241	222	220	275	318	120	134	119	44	1248	447	43	34	0	29	31	397	815	34	586
37085	3100	70200	1	364	397	67	83	77	144	111	131	41	83	24	0	623	112	20	0	0	0	6	161	340	51	209
37085	3100	70200	2	803	909	112	275	193	190	299	244	151	148	60	40	1005	663	0	0	0	0	44	411	720	52	529
37085	3100	70200	3	428	499	40	145	104	89	125	116	128	84	77	19	31	885	5	6	0	0	0	199	192	40	496
37085	3100	70300	1	791	1016	122	224	228	252	251	202	220	153	100	55	1506	296	0	0	0	0	5	362	786	28	631
37085	3100	70300	2	340	357	13	119	98	54	71	103	70	40	113	16	377	263	23	22	0	0	12	142	202	38	315
37085	3100	70300	3	396	465	46	99	62	116	98	122	72	109	114	23	761	100	0	0	0	0	0	158	371	35	297
37085	3100	70300	4	610	777	98	203	120	173	158	233	176	162	53	11	956	408	19	0	0	0	4	316	583	22	466
37085	3100	70400	1	1212	1210	253	406	384	561	308	218	152	121	19	0	2081	241	0	10	0	90	0	697	1254	4	467
37085	3100	70400	2	785	787	91	252	212	201	313	139	156	103	92	13	1337	122	13	11	0	65	24	365	757	13	437
37085	3100	70400	3	923	941	79	218	249	223	334	346	193	98	96	28	1332	412	0	0	0	86	34	319	1034	49	462
37085	3100	70400	4	1602	1635	267	493	415	481	518	470	286	201	81	25	2609	481	0	0	0	137	10	800	1600	55	782
37085	3100	70500	1	653	883	82	219	104	145	231	260	149	166	129	51	1135	385	16	0	0	0	0	301	701	36	498
37085	3100	70500	2	783	765	83	186	188	263	244	155	128	177	99	25	1330	202	0	0	16	0	0	292	635	86	535
37085	3100	70500	3	842	928	105	271	242	211	271	225	239	83	36	87	1545	97	37	0	0	49	42	401	828	56	485
37085	3100	70500	4	571	534	57	155	138	171	152	156	120	127	29	0	913	31	148	0	0	0	13	234	549	22	300
37085	3100	70600	1	1189	1353	205	480	317	485	421	246	179	146	63	0	937	1355	83	44	0	48	75	719	1152	79	592
37085	3100	70600	2	793	800	90	219	243	239	256	241	131	115	59	0	911	623	19	0	23	0	17	323	770	64	436
37085	3100	70700	1	1111	1332	109	367	330	408	354	281	197	184	178	35	1550	819	4	0	0	53	17	535	1130	57	721
37085	3100	70700	2	462	580	58	185	144	124	136	116	147	96	29	7	492	488	40	0	0	0	22	249	501	18	274
37085	3100	70700	3	1261	364	73	120	180	510	419	217	61	28	3	14	703	802	62	7	0	44	7	212	371	24	1018
37085	3100	70800	1	964	1092	125	301	178	330	297	253	209	146	129	88	1439	559	0	40	0	18	0	457	945	35	619
37085	3100	70800	2	1589	1910	105	229	1693	375	309	283	126	171	185	23	3060	233	0	94	0	50	62	373	1223	1094	809
37085	3100	70900	1	2033	2130	374	662	539	769	681	507	299	219	81	32	2866	918	14	16	0	266	83	1073	2153	101	836
37085	3100	70900	2	2460	2339	340	689	635	906	787	567	413	276	134	52	3820	564	23	8	0	288	96	1136	2401	103	1159
37085	3100	71000	1	942	885	163	324	240	300	326	194	178	46	51	5	1518	212	0	0	0	92	5	496	900	8	423
37085	3100	71000	2	1012	948	145	279	182	406	298	282	183	125	44	16	1536	278	30	0	0	39	77	439	1024	54	443
37085	3100	71000	3	917	919	97	265	165	311	378	234	136	144	95	11	1618	116	0	22	7	54	19	366	896	5	569
37085	3100	71100	1	1075	1010	118	284	303	359	390	271	167	117	61	15	1592	240	33	12	10	172	26	463	961	83	578
37085	3100	71100	2	913	1025	110	322	212	212	346	264	218	106	125	23	1158	727	0	0	0	43	10	478	789	127	544
37085	3100	71100	3	1015	882	171	273	281	336	298	261	154	71	36	16	1702	189	0	6	0	0	0	502	951	5	439
37085	3100	71100	4	593	658	147	217	145	200	183	144	96	64	50	5	900	261	10	9	0	64	7	374	543	48	286
37085	3100	71200	1	966	993	179	349	356	414	265	147	121	93	17	18	1135	575	0	63	0	88	98	552	860	82	465
37085	3100	71200	2	1087	913	204	315	300	336	292	250	92	150	53	8	1457	345	21	21	0	25	131	524	846	90	540
37085	3100	71200	3	2203	2232	419	801	734	887	784	405	213	134	58	0	3371	805	19	69	7	56	108	1288	2158	106	883
37085	3100	71200	4	632	730	168	253	310	178	249	128	55	0	21	0	661	493	55	18	0	48	87	454	573	81	254
37085	3100	71300	1	993	1023	151	283	251	301	310	309	185	178	43	5	1597	379	12	17	0	6	5	462	1039	63	452
37085	3100	71300	2	2374	2561	478	916	601	1007	948	422	303	161	92	7	3650	933	90	60	0	112	90	1470	2266	142	1057
37085	3100	71300	3	1567	1463	278	514	485	536	600	288	130	158	19	22	2157	572	0	28	0	36	237	915	1405	85	625
37085	3100	71400	1	1654	1692	290	588	381	587	539	405	325	142	83	6	2214	744	95	0	0	93	200	911	1492	107	836
37085	3100	71400	2	1824	1757	373	648	563	822	622	247	167	91	48	0	2454	885	0	22	0	129	91	1080	1670	126	705
37101	3000	40100	1	498	514	76	183	101	148	187	118	60	86	38	15	559	397	0	0	0	25	31	261	388	29	334
37101	3000	40100	2	836	927	103	255	225	216	288	219	213	130	87	27	1491	220	7	0	0	45	0	379	800	30	554
37101	3000	40100	3	583	723	53	208	124	204	198	228	132	104	26	29	1188	113	0	0	0	5	0	285	633	10	378
37101	3000	40100	4	534	560	93	169	122	153	148	169	110	80	38	12	833	145	6	0	0	110	0	267	484	24	319
37101	3000	40100	5	636	632	126	117	248	176	180	170	89	114	26	22	1104	88	0	0	0	44	32	277	616	58	317
37101	3000	40200	1	354	384	70	71	50	114	78	75	165	64	43	8	635	45	0	0	0	58	0	141	291	15	291
37101	3000	40200	2	736	640	51	142	272	157	217	186	157	132	62	0	1041	167	0	67	0	84	17	208	635	30	503
37101	3000	40200	3	673	745	79	164	166	210	201	207	156	87	93	55	1140	143	0	32	0	103	0	257	669	45	447
37101	3000	40200	4	2334	2199	421	740	462	900	959	720	200	95	26	10	3870	335	27	18	0	215	68	1229	2408	39	857
37101	3000	40200	5	1855	1749	356	504	463	731	763	326	243	147	71	0	2946	466	0	0	0	164	28	891	2045	42	626
37101	3000	40200	6	924	901	120	314	208	267	284	270	178	96	88	0	1482	290	0	0	0	0	53	461	921	15	428
37101	3000	40200	7	934	1046	190	295	275	321	329	264	204	49	7	46	1065	616	25	0	0	205	69	534	827	109	510
37101	3000	40300	1	1199	1140	140	339	346	320	370	387	255	110	43	29	1526	620	0	0	0	193	0	499	1152	64	624
37101	3000	40300	2	769	849	83	226	176	232	249	192	146	172	108	34	1196	335	9	10	0	36	32	330	718	18	552
37101	3000	40300	3	1082	1026	209	373	390	398	194	178	195	90	72	9	1199	431	0	36	0	369	73	587	765	43	713
37101	3000	40300	4	681	692	96	173	251	260	236	117	110	86	36	8	757	474	0	0	0	142	0	293	627	35	418
37101	3000	40300	5	475	602	150	265	72	116	127	111	73	70	75	18	266	635	0	0	0	164	12	415	291	35	336
37101	3000	40300	6	341	361	82	61	147	74	94	130	86	19	0	9	112	590	0	0	0	0	0	155	260	22	265
37101	3000	40400	1	368	372	33	93	77	88	122	110	73	70	65	9	650	57	4	0	0	29	0	130	309	9	292
37101	3000	40400	2	676	684	102	179	169	195	226	193	155	72	57	12	1221	78	0	2	0	57	2	297	621	43	399
37101	3000	40400	3	749	682	94	206	205	210	226	191	110	113	58	18	1091	113	0	0	0	207	20	325	727	47	332
37101	3000	40500	1	782	920	54	180	244	204	285	332	250	111	36	6	1618	49	0	11	0	0	24	244	968	38	452
37101	3000	40500	2	535	643	75	146	151	129	153	168	157	100	81	18	814	344	0	0	0	0	20	240	505	31	402
37101	3000	40500	3	342	356	64	74	86	111	107	154	24	50	21	7	534	164	0	0	0	0	0	138	325	14	221
37101	3000	40500	4	954	953	150	353	203	322	348	219	137	99	61	15	1735	83	0	20	0	41	28	532	925	46	404
37101	3000	40600	1	500	629	117	219	116	134	125	138	110	65	99	6	55	1049	0	0	0	25	0	353	342	45	389
37101	3000	40600	2	614	542	81	112	184	172	147	157	191	88	15	9	993	133	0	0	0	23	7	214	633	6	303
37101	3000	40600	3	476	447	58	135	132	187	136	116	64	49	40	6	768	82	0	14	0	31	28	208	408	0	307
37101	3000	40700	1	815	1077	124	243	200	206	249	224	140	187	241	78	1676	134	0	0	0	14	68	373	801	59	659
37101	3000	40700	2	333	354	36	69	39	100	103	95	80	88	51	26	340	347	0	0	0	0	0	113	233	30	311
37101	3000	40700	3	410	413	46	79	98	182	127	93	111	66	21	0	338	384	0	0	0	101	0	132	280	19	392
37101	3000	40800	1	739	560	56	133	167	232	295	165	65	56	82	48	796	404	8	0	0	87	4	195	525	10	569
37101	3000	40800	2	583	919	118	274	161	214	203	158	135	138	72	29	1071	259	0	13	0	142	17	421	624	61	396
37101	3000	40800	3	292	363	15	42	65	46	68	88	141	119	65	6	655	0	0	0	0	0	0	67	359	6	223
37101	3000	40900	1	2269	2229	428	753	396	802	994	562	379	153	23	8	3871	503	3	10	0	49	62	1234	2458	67	739
37101	3000	40900	2	729	841	67	265	141	207	220	224	121	144	140	41	1185	309	0	0	0	70	6	347	691	8	524
37101	3000	40900	3	469	545	55	125	100	155	132	125	138	94	84	6	820	163	0	15	0	9	7	180	478	24	332
37101	3000	40900	4	1205	695	81	182	240	406	382	246	134	121	59	49	1031	719	0	18	0	110	22	281	623	0	996
37101	3000	40900	5	1054	937	193	236	243	395	342	202	239	112	23	6	1548	186	8	9	0	222	18	451	957	34	549
37101	3000	41000	1	368	483	32	93	55	125	72	125	110	93	120	26	819	11	0	0	0	0	21	125	373	27	326
37101	3000	41000	2	1479	1695	335	463	367	699	536	390	198	145	33	8	2524	439	30	0	0	106	75	807	1873	62	432
37101	3000	41000	3	1071	1277	193	382	169	388	472	308	247	99	72	18	2206	112	0	0	0	5	25	600	1260	41	447
37101	3000	41000	4	1084	1020	197	306	184	334	410	280	153	125	79	36	1131	785	0	0	0	181	7	524	1044	53	483
37101	3000	41000	5	1486	1571	287	410	337	619	503	421	189	108	156	27	1963	755	18	0	26	295	0	750	1531	64	712
37101	3000	41100	1	2447	2492	431	844	549	938	1024	619	322	112	87	13	3925	884	44	0	0	24	62	1326	2576	119	918
37101	3000	41100	2	974	884	160	322	198	272	417	232	115	75	67	0	1377	381	0	0	12	88	0	509	882	46	421
37101	3000	41100	3	4806	4885	902	1567	911	2310	2056	1078	529	217	113	8	8450	783	136	88	0	188	46	2543	5521	97	1530
37101	3000	41200	1	560	497	83	115	154	97	204	113	127	88	71	5	851	115	0	0	0	86	5	209	435	17	396
37101	3000	41200	2	740	666	106	189	174	195	206	210	151	105	66	4	1249	36	2	0	0	106	13	316	583	20	487
37101	3000	41200	3	412	499	78	165	117	124	119	127	66	57	45	13	675	199	19	0	0	6	12	261	373	28	249
37101	3000	41200	4	668	639	104	137	180	183	195	141	136	133	85	13	888	220	8	0	0	190	1	264	517	128	398
37101	3000	41200	5	659	610	65	166	145	216	227	177	160	49	62	2	1124	52	0	0	0	77	16	245	694	29	301
37101	3000	41200	6	899	824	119	260	271	288	237	258	146	91	40	13	1522	20	8	0	0	146	27	397	900	24	402
37101	3000	41300	1	661	691	53	251	217	159	239	166	119	111	27	10	1137	188	0	0	0	27	0	325	565	36	426
37101	3000	41300	2	647	614	68	157	149	213	202	248	125	32	45	22	986	242	0	14	0	19	0	235	689	24	313
37101	3000	41300	3	707	583	87	172	191	115	205	195	155	82	55	33	1198	17	22	15	0	38	0	281	649	31	329
37101	3000	41300	4	659	785	178	197	171	266	170	183	137	115	27	0	1244	185	0	0	0	0	15	391	740	32	281
37101	3000	41400	1	543	594	98	113	138	133	190	169	97	103	74	22	932	157	18	0	0	22	8	223	607	29	278
37101	3000	41400	2	523	567	102	130	113	215	149	151	121	81	21	7	977	81	0	0	0	11	21	240	535	6	309
37101	3000	41400	3	447	405	39	93	148	102	145	171	91	38	23	2	808	0	5	0	0	33	6	139	462	25	226
37101	3000	41400	4	761	923	147	265	231	209	241	207	170	119	83	12	940	682	5	25	0	21	11	426	655	45	558
37101	3000	41400	5	316	358	44	80	85	116	76	87	57	65	52	12	463	147	0	15	0	47	2	139	299	16	220
37101	3000	41400	6	381	446	56	109	116	101	130	107	82	60	60	6	591	122	11	0	0	98	5	176	372	21	258
37101	3000	41500	1	1742	1764	369	533	252	770	734	455	214	121	46	12	2948	365	58	0	0	96	39	962	1977	75	492
37101	3000	41500	2	1949	1963	434	574	422	816	753	385	285	131	101	11	3462	290	0	30	0	114	16	1069	2067	33	743
37101	3000	41500	3	1165	1051	201	359	189	424	455	210	161	86	114	17	2038	167	0	11	0	0	0	569	1214	30	403
37101	3000	41500	4	626	656	74	186	159	228	181	221	176	48	9	0	1230	36	10	0	0	6	0	267	761	9	245
37101	3000	41500	5	1249	1305	232	365	271	431	418	386	194	171	78	8	2087	73	18	106	0	209	61	634	1314	31	575
37135	2900	10701	1	979	1007	132	373	158	279	335	399	181	88	21	20	1434	403	26	34	0	61	28	535	1047	51	353
37135	2900	10702	1	2341	2353	376	836	845	695	1021	639	141	86	55	0	3644	415	0	260	0	298	77	1317	2468	85	824
37135	2900	10702	2	561	432	17	107	237	163	173	147	72	37	40	0	352	565	0	0	0	57	19	124	642	45	182
37135	2900	10702	3	1334	1489	182	321	540	611	412	409	149	140	36	23	2140	359	0	63	0	87	174	545	1694	74	510
37135	2900	10703	1	2670	2500	165	342	1379	1655	765	343	230	159	93	39	3194	1009	30	242	0	493	202	550	3553	150	917
37135	2900	10704	1	1344	1735	87	172	1163	946	326	277	86	11	11	0	2499	235	40	221	0	12	72	278	2020	23	758
37135	2900	10704	2	781	754	114	302	121	62	310	297	220	51	44	14	1425	89	0	8	0	0	13	440	869	30	196
37135	2900	10801	1	589	569	42	158	130	122	270	190	44	79	111	12	776	344	0	0	0	0	38	218	587	41	312
37135	2900	10801	2	1296	1315	182	361	318	383	515	371	231	116	89	45	1920	577	31	26	0	20	37	588	1480	65	478
37135	2900	10801	3	346	452	52	130	70	78	143	169	126	9	15	6	478	300	13	0	0	7	0	192	466	12	128
37135	2900	10802	1	839	814	126	270	143	165	405	273	144	94	33	0	1520	93	0	32	0	0	8	431	818	31	373
37135	2900	10802	2	1194	1301	141	321	253	351	474	487	234	144	81	9	2226	235	0	0	0	11	23	498	1366	13	618
37135	2900	10900	1	1269	1311	104	351	220	356	455	522	276	190	87	19	2358	118	22	0	0	13	69	482	1472	18	608
37135	2900	10900	2	997	950	141	327	215	187	410	346	165	99	48	9	1647	266	0	34	0	0	0	507	1010	10	420
37135	2900	10900	3	705	615	128	197	101	231	219	189	119	85	51	0	1198	76	19	27	0	0	0	325	671	43	281
37135	2900	10900	4	1159	1201	97	363	241	403	541	388	202	103	14	8	1964	317	16	0	4	31	28	502	1244	54	560
37135	2900	11000	1	578	747	76	132	61	156	268	280	117	111	108	16	1198	96	0	0	0	0	31	208	753	62	302
37135	2900	11000	2	656	713	52	105	139	189	273	189	157	109	88	68	1205	111	24	0	0	4	25	175	588	20	586
37135	2900	11000	3	497	697	139	183	118	122	161	236	108	55	50	22	607	553	0	16	0	18	0	348	534	0	312
37135	2900	11000	4	445	561	34	228	125	167	116	121	78	58	66	13	607	360	18	16	0	5	0	272	444	0	290
37135	2900	11000	5	629	464	91	144	159	206	94	138	93	113	32	23	984	48	0	0	0	49	12	241	488	5	359
37135	2900	11101	1	921	1127	126	332	291	255	349	274	194	123	96	8	877	1148	0	0	0	0	23	467	977	64	540
37135	2900	11101	2	1748	1697	242	462	280	622	634	551	294	239	98	23	2546	708	0	0	0	149	42	773	1759	72	841
37135	2900	11101	3	397	483	69	179	123	101	111	98	90	83	11	15	438	442	0	0	0	0	0	268	424	27	161
37135	2900	11102	1	944	925	134	325	199	252	355	284	152	84	84	0	1687	95	18	55	0	7	7	466	887	54	462
37135	2900	11102	2	1410	1519	235	434	357	503	549	480	183	121	49	18	2288	401	30	0	0	103	107	697	1686	35	511
37135	2900	11201	1	849	808	68	286	66	180	302	351	193	87	124	0	1404	185	0	33	0	29	6	371	865	8	413
37135	2900	11201	2	629	693	70	200	170	60	141	374	155	99	42	11	1262	0	0	60	0	0	0	279	726	19	298
37135	2900	11201	3	1419	1807	199	626	375	284	623	464	102	117	271	165	2415	237	0	361	0	91	122	904	1367	47	908
37135	2900	11201	4	640	734	81	191	285	407	210	116	28	49	7	0	754	253	23	252	9	34	49	285	821	7	261
37135	2900	11202	1	814	837	85	368	172	163	343	351	129	24	5	11	1377	191	0	70	0	6	7	473	820	44	314
37135	2900	11202	2	609	674	87	201	98	103	285	243	101	77	88	0	1104	124	0	16	0	19	20	309	651	22	301
37135	2900	11202	3	1087	1022	121	368	212	292	406	438	156	99	17	0	1743	257	0	48	0	18	43	498	1219	26	366
37135	2900	11203	1	1020	1071	153	303	254	205	500	292	154	195	20	15	1963	47	15	0	0	54	12	484	1185	35	387
37135	2900	11203	2	624	565	76	102	101	178	210	277	131	79	15	20	1046	67	20	14	0	0	42	189	753	0	247
37135	2900	11203	3	808	877	61	191	125	223	322	375	228	53	74	33	1305	375	5	0	0	0	0	285	991	20	389
37135	2900	11300	1	1284	1227	85	218	923	490	336	208	107	34	89	21	1391	966	43	69	0	7	35	314	1435	122	640
37135	2900	11400	1	709	1124	32	98	561	218	202	225	197	157	137	6	1630	85	0	94	6	12	6	166	995	33	639
37135	2900	11400	2	755	1108	23	30	1275	273	70	79	45	31	37	0	1558	50	31	122	0	39	63	53	921	32	857
37135	2900	11500	1	977	1019	71	154	344	316	285	325	173	144	138	46	1607	254	38	55	0	0	42	243	1027	58	668
37135	2900	11600	1	1309	2464	0	0	3763	10	0	0	0	0	0	0	3000	412	19	253	8	0	81	0	1616	259	1898
37135	2900	11600	2	743	1351	0	0	2063	31	0	0	0	0	0	0	1538	428	14	86	0	0	28	0	963	28	1103
37135	2900	11600	3	1469	1959	122	46	2776	367	78	39	0	0	0	0	2441	429	19	375	0	19	145	168	1392	34	1834
37135	2900	11700	1	1147	1256	15	8	2189	132	17	34	0	0	0	8	2059	118	22	162	0	12	30	23	748	91	1541
37135	2900	11700	2	1244	1205	65	126	843	717	273	162	105	57	57	44	1963	255	9	132	0	16	74	193	1384	33	839
37135	2900	11800	1	1192	1500	112	299	622	524	398	419	149	108	46	15	2247	182	0	195	0	21	47	435	1654	70	533
37135	2900	11900	1	1071	1276	108	393	329	331	357	379	168	179	80	23	1997	85	24	228	0	6	7	540	1228	14	565
37135	2900	11900	2	1079	1141	37	261	446	416	237	307	230	180	98	8	1827	127	14	122	0	42	88	314	1292	35	579
37135	2900	11900	3	754	873	65	191	363	158	180	349	199	81	9	32	1355	198	0	48	0	0	26	294	947	15	371
37135	2900	11900	4	1070	1155	85	316	352	295	331	423	281	109	26	7	1770	264	0	100	0	64	27	484	1196	53	492
37135	2900	12100	1	918	1210	128	253	300	358	410	234	129	106	173	37	1469	251	0	238	0	13	157	407	1005	38	678
37135	2900	12100	2	429	534	52	108	207	195	145	30	44	49	83	50	783	114	0	54	0	0	12	160	391	25	387
37135	2900	12100	3	648	786	52	122	221	376	121	180	90	91	125	56	1276	70	12	63	0	13	0	174	743	26	491
37135	2900	12100	4	849	917	63	309	208	153	230	322	289	136	45	11	1626	81	0	35	0	0	24	408	819	11	528
37135	2900	12200	1	1036	1059	68	279	331	201	284	420	249	154	88	21	1851	88	0	56	0	8	92	390	1145	43	517
37135	2900	12200	2	2069	2364	315	667	785	840	789	516	198	151	117	55	3659	339	40	271	0	44	80	1018	2353	78	984
37145	2400	980100	1	858	769	71	218	139	182	289	208	168	203	106	43	1105	412	62	7	0	8	33	291	845	47	444
37145	2400	980100	2	469	604	59	123	179	124	185	160	115	86	29	13	559	505	0	9	0	0	0	209	531	18	315
37145	2400	980100	3	605	585	57	177	125	153	285	103	161	91	30	8	890	292	0	8	0	0	0	255	548	33	354
37145	2400	980100	4	1015	974	206	239	275	277	360	308	151	101	65	7	1347	584	6	0	0	10	42	482	1025	55	427
37145	2400	980200	1	605	612	33	150	176	107	155	201	187	141	41	26	840	361	0	0	0	0	16	202	565	35	415
37145	2400	980200	2	806	776	27	158	106	174	295	304	263	163	92	0	1033	549	0	0	0	0	0	196	805	19	562
37145	2400	980200	3	801	802	125	263	149	242	282	300	104	75	46	17	1383	206	0	0	0	0	14	451	817	34	301
37145	2400	980200	4	1146	1177	148	414	183	350	413	338	195	151	111	20	1636	687	0	0	0	0	0	599	1067	40	617
37145	2400	980300	1	761	758	101	121	167	241	297	180	117	156	106	33	903	537	8	0	0	71	0	252	688	53	526
37145	2400	980300	2	633	814	105	297	189	186	247	165	90	73	81	14	602	840	0	0	0	0	5	421	573	66	387
37145	2400	980300	3	308	391	64	107	105	60	133	50	55	77	23	25	398	254	0	0	0	0	47	189	307	16	187
37145	2400	980300	4	501	587	88	83	91	168	164	90	86	168	87	63	674	320	25	0	0	59	10	171	393	35	489
37145	2400	980300	5	710	841	69	246	152	153	250	231	204	97	112	37	1105	367	40	0	0	21	18	331	591	26	603
37145	2400	980400	1	298	442	26	115	72	109	119	93	78	52	68	8	403	337	0	0	0	0	0	144	350	27	219
37145	2400	980400	2	383	433	62	79	101	86	111	110	65	112	79	11	146	657	0	0	0	0	13	144	281	38	353
37145	2400	980400	3	584	751	80	153	150	143	248	159	141	164	84	13	871	464	0	0	0	0	0	241	657	36	401
37145	2400	980500	1	782	754	99	147	184	249	248	281	199	63	54	12	1183	256	0	0	0	97	0	256	751	22	507
37145	2400	980500	2	1500	1544	218	485	352	480	578	465	180	204	64	18	2545	314	0	70	0	30	85	725	1528	34	757
37145	2400	980500	3	486	677	118	170	156	127	221	108	104	59	84	16	882	281	0	0	0	0	0	312	518	21	312
37145	2400	980600	1	790	964	197	232	175	318	236	282	109	130	61	14	711	933	0	10	0	45	55	438	795	58	463
37145	2400	980600	2	1187	1258	175	401	253	411	538	285	138	164	64	16	2076	333	16	0	0	0	20	615	1226	37	567
37145	2400	980600	3	945	805	84	238	212	202	335	240	233	103	97	6	1400	326	0	0	0	0	24	353	856	62	479
37145	2400	980600	4	669	593	49	116	145	131	190	281	198	83	69	0	1117	141	0	0	0	0	4	179	766	8	309
37145	2400	980600	5	458	412	25	197	99	73	162	67	99	87	61	0	694	170	6	0	0	0	0	234	332	9	295
37183	2601	50100	1	1163	684	46	46	285	477	368	180	175	133	96	41	947	805	14	8	0	0	73	92	752	104	899
37183	2601	50300	1	629	711	26	36	103	538	278	151	84	74	44	6	1298	42	0	0	0	0	0	62	1039	20	219
37183	2601	50300	2	312	375	14	23	32	94	48	107	123	138	86	22	357	270	5	4	0	41	10	37	269	5	376
37183	2601	50400	1	433	238	26	36	44	179	141	138	29	48	12	18	535	126	0	0	0	0	10	62	461	0	148
37183	2601	50400	2	177	629	45	99	379	79	79	68	13	28	16	0	460	320	0	0	0	0	26	144	400	31	231
37183	2601	50500	1	304	355	16	60	6	97	151	84	73	90	61	21	541	100	0	18	0	0	0	82	345	14	218
37183	2601	50500	2	719	833	162	221	257	304	214	189	65	61	79	0	616	864	0	0	0	63	9	399	817	48	288
37183	2601	50500	3	600	673	69	121	150	337	239	151	60	41	87	18	832	370	0	0	0	22	49	205	760	30	278
37183	2601	50600	1	709	1038	113	148	872	162	171	100	53	55	57	16	4	1687	0	0	0	0	56	268	677	165	637
37183	2601	50600	2	457	443	66	139	99	108	131	134	75	69	75	4	0	885	0	8	0	0	7	216	446	27	211
37183	2601	50600	3	647	529	58	141	214	246	259	113	77	44	20	4	462	613	0	0	0	101	0	210	671	82	213
37183	2601	50700	1	422	528	49	168	116	149	148	81	66	119	33	21	5	897	23	0	0	25	0	237	379	16	318
37183	2601	50700	3	367	347	47	111	100	86	155	85	56	15	33	26	23	630	0	0	0	61	0	158	252	82	222
37183	2601	50700	4	332	474	110	122	120	105	99	101	83	30	20	16	30	763	9	0	0	0	4	240	312	5	249
37183	2601	50700	5	184	313	25	92	66	84	64	77	19	18	33	19	57	395	0	0	0	39	6	121	173	22	181
37183	2601	50800	1	391	1619	85	52	489	640	517	166	54	7	0	0	685	1079	78	7	14	90	57	137	220	4	1649
37183	2601	50800	2	720	554	100	188	293	230	239	110	35	41	31	7	130	935	0	0	0	165	44	329	592	87	266
37183	2601	50800	3	451	690	150	247	135	153	151	61	113	46	51	34	42	1099	0	0	0	0	0	400	347	48	346
37183	2601	50900	1	743	946	111	232	969	146	73	81	41	8	16	12	53	1564	0	28	0	19	25	353	385	650	301
37183	2601	50900	2	345	326	38	96	60	75	156	97	58	51	29	11	34	610	5	0	0	22	0	144	221	36	270
37183	2601	50900	3	482	866	180	394	192	167	183	63	63	74	26	6	40	1262	0	0	0	36	10	640	293	60	355
37183	2601	51000	1	591	301	0	5	290	296	170	78	44	0	9	0	722	150	12	0	5	3	0	5	741	27	119
37183	2601	51000	2	944	640	83	104	155	414	357	249	129	74	14	5	1126	413	0	15	0	17	13	200	844	24	516
37183	2601	51100	1	1105	26	5	0	151	429	310	162	54	20	0	0	366	671	28	14	52	0	0	5	49	22	1055
37183	2601	51100	2	190	101	20	29	78	100	28	36	0	0	0	0	36	69	0	0	0	186	0	49	153	28	61
37183	2601	51100	3	0	0	0	0	0	0	0	0	0	0	0	0	0	0	0	0	0	0	0	0	0	0	0
37183	2601	51200	1	281	352	22	16	63	202	92	96	47	30	60	5	591	28	10	4	0	0	0	38	458	21	116
37183	2601	51200	2	333	240	20	18	99	208	113	79	9	6	21	0	521	20	0	0	0	3	29	38	457	7	71
37183	2601	51200	3	178	198	28	22	51	45	58	53	53	37	29	0	376	0	0	0	0	0	0	50	259	4	63
37183	2601	51200	4	867	757	9	73	706	318	176	131	84	12	74	41	1165	325	0	68	0	7	59	92	1062	27	443
37183	2601	51400	1	369	413	20	70	113	139	126	103	25	89	83	14	724	22	0	0	0	0	36	90	434	0	258
37183	2601	51400	2	505	364	57	46	171	261	189	72	32	28	13	0	740	12	0	67	0	37	13	103	602	18	146
37183	2601	51400	3	707	649	13	11	1060	176	57	16	6	0	8	9	1287	15	0	33	0	12	9	24	456	405	471
37183	2601	51400	4	432	482	20	67	149	179	85	153	64	45	73	79	905	5	0	0	0	0	4	87	542	91	194
37183	2601	51400	5	412	371	49	97	98	171	96	168	29	40	17	18	523	245	0	15	0	0	0	151	461	0	171
37183	2601	51400	6	290	225	49	39	64	129	116	53	6	18	33	8	247	169	0	0	0	64	35	93	280	13	129
37183	2601	51501	1	672	700	38	134	143	68	160	326	191	145	151	16	1294	14	0	36	0	6	22	197	698	7	470
37183	2601	51501	2	716	921	88	226	98	70	288	299	194	186	139	49	1581	7	0	30	0	8	11	345	768	15	509
37183	2601	51502	1	637	601	67	169	151	237	236	212	91	29	46	0	897	113	0	179	0	0	49	249	709	16	264
37183	2601	51502	2	634	723	51	171	125	189	165	185	130	205	119	17	1211	28	0	94	0	0	24	247	645	6	459
37183	2601	51600	1	410	527	53	89	51	218	128	146	96	71	62	23	898	0	0	0	0	20	19	152	544	18	223
37183	2601	51600	2	392	498	34	78	49	53	113	264	107	15	122	55	776	106	8	0	0	0	0	112	344	8	426
37183	2601	51600	3	419	551	45	88	124	117	164	155	117	65	52	43	903	56	11	0	0	0	0	148	521	6	295
37183	2601	51600	4	303	360	33	100	81	34	128	101	61	37	75	13	663	0	0	0	0	0	0	163	350	0	150
37183	2601	51600	5	376	441	67	134	38	119	141	109	55	64	73	17	817	0	0	0	0	0	0	206	402	0	209
37183	2601	51700	1	433	510	101	128	45	106	213	139	55	63	78	15	928	7	0	8	0	0	0	237	441	4	261
37183	2601	51700	2	549	592	86	129	51	206	221	171	140	72	43	22	1102	26	13	0	0	0	0	228	599	8	306
37183	2601	51700	3	508	500	38	193	97	59	127	212	93	62	112	15	1000	8	0	0	0	0	0	248	417	0	343
37183	2601	51800	1	552	597	29	30	132	306	213	186	92	92	59	10	1095	45	0	0	0	9	0	59	799	10	281
37183	2601	51800	2	661	823	75	152	112	513	256	198	61	76	33	8	1375	14	0	41	27	0	27	227	959	12	286
37183	2601	51800	3	725	922	120	136	182	399	253	94	56	66	170	171	1304	245	0	19	0	27	52	263	836	34	514
37183	2601	51900	1	527	654	89	157	127	137	224	255	78	43	65	6	243	896	6	0	0	19	17	273	646	37	225
37183	2601	51900	2	540	555	45	199	129	126	211	165	56	79	68	17	296	750	4	0	0	27	18	254	508	30	303
37183	2601	51900	3	1272	1399	205	423	391	454	380	308	228	147	108	27	715	1754	0	21	0	120	61	684	1277	106	604
37183	2601	52001	1	1941	1977	370	480	746	992	504	310	117	136	163	100	533	2648	29	0	0	570	138	897	1695	146	1180
37183	2601	52002	1	577	829	80	182	157	160	174	291	170	119	52	21	128	1236	4	15	0	0	23	278	712	35	381
37183	2601	52002	2	1951	2137	323	667	699	565	521	546	392	225	114	36	121	3264	0	87	45	520	51	1073	1617	246	1152
37183	2601	52101	1	265	416	24	21	14	88	47	99	55	181	126	26	0	681	0	0	0	0	0	53	302	7	319
37183	2601	52101	2	2149	2593	371	885	778	601	723	549	423	269	128	15	277	4142	21	0	0	266	36	1306	2147	180	1109
37183	2601	52102	1	1409	1556	237	422	566	566	370	351	218	158	62	15	388	2357	0	0	0	186	34	728	1383	150	704
37183	2601	52201	1	622	174	44	28	138	210	169	119	68	14	0	6	358	355	16	0	0	67	0	78	486	125	107
37183	2601	52201	2	347	314	55	37	135	124	125	46	59	42	38	0	349	153	14	0	0	145	0	105	405	26	125
37183	2601	52202	1	791	588	47	91	289	321	260	146	101	78	39	7	718	563	19	32	0	33	14	149	740	31	459
37183	2601	52202	2	734	887	128	276	209	369	245	142	84	107	61	0	632	702	29	72	0	180	6	429	765	57	370
37183	2601	52202	3	670	614	139	204	238	262	237	118	51	9	18	8	256	794	0	0	0	89	145	356	582	79	267
37183	2601	52301	1	1988	1742	49	112	1761	1028	316	329	97	38	0	0	2901	293	24	416	0	55	41	175	2665	108	782
37183	2601	52302	1	143	74	8	13	41	73	45	7	19	0	11	0	144	66	7	0	0	0	0	21	98	0	98
37183	2601	52302	2	2317	2097	201	436	1302	1201	639	341	157	70	67	0	2640	1210	23	368	0	115	58	695	2736	146	837
37183	2601	52401	1	870	1796	69	100	1569	489	184	169	36	32	9	9	2097	264	0	197	0	38	70	169	1831	27	639
37183	2601	52402	1	1824	1498	101	226	1015	785	384	286	240	148	103	34	2387	356	12	313	0	175	79	344	2161	134	683
37183	2601	52402	2	2145	1665	191	270	1142	1091	509	265	115	114	97	16	2483	734	20	144	0	304	125	461	2694	85	570
37183	2601	52402	3	871	769	161	182	258	471	325	125	50	57	11	0	1171	309	0	55	0	88	17	370	926	36	308
37183	2601	52404	1	2149	1758	163	320	1456	586	439	414	223	228	54	24	3133	359	0	189	0	98	128	534	2393	111	869
37183	2601	52405	1	7718	5461	284	505	9395	1664	547	428	133	133	54	36	8675	2520	114	970	31	547	322	815	6676	1446	4242
37183	2602	52501	1	2147	2256	327	530	774	916	674	520	271	301	74	16	3266	668	0	156	0	195	118	902	2540	86	875
37183	2602	52501	2	1653	1806	188	454	497	666	608	347	218	397	75	9	2562	694	0	125	0	36	42	650	1897	47	865
37183	2601	52503	1	1398	1669	145	172	427	886	574	395	148	75	157	88	2646	288	8	64	0	12	49	327	2229	55	456
37183	2601	52503	2	952	1114	94	214	179	229	307	330	253	137	174	149	1887	57	24	78	0	0	20	328	941	119	678
37183	2601	52504	1	282	361	12	125	42	28	113	78	68	57	57	63	553	56	0	9	0	25	0	142	254	0	247
37183	2601	52504	2	1995	2148	206	246	742	793	492	530	383	393	272	86	3241	445	33	148	0	203	73	491	2525	200	927
37183	2602	52601	1	986	1062	106	270	132	206	362	293	219	298	157	5	1976	32	0	0	0	8	32	411	995	26	616
37183	2602	52601	2	397	382	47	108	50	68	137	103	114	85	61	6	754	0	0	19	6	0	0	164	345	12	258
37183	2602	52602	1	900	904	101	197	181	108	325	332	237	239	79	5	1662	60	0	82	0	0	0	319	1011	11	463
37183	2602	52602	2	1035	1234	118	231	177	279	368	220	206	299	283	88	1793	262	11	63	0	65	75	365	1086	16	802
37183	2601	52603	1	1671	1589	261	361	421	600	558	325	296	250	185	3	2465	484	13	79	0	193	26	643	1678	113	826
37183	2602	52701	1	607	499	36	62	185	288	167	145	123	75	20	5	694	247	7	79	0	72	7	98	787	0	221
37183	2602	52701	2	2286	1968	284	511	815	838	674	506	321	165	126	14	2844	773	26	116	0	420	75	860	2423	151	820
37183	2602	52703	1	2020	2394	297	573	291	861	851	583	444	358	118	38	2833	1350	55	0	0	121	55	892	2616	38	868
37183	2602	52703	2	1991	2115	305	658	461	844	730	497	232	233	131	15	1747	1541	0	196	0	491	131	993	2086	63	964
37183	2602	52704	1	2898	2873	463	774	1067	1388	1051	624	217	152	35	0	2085	2884	42	76	0	414	270	1289	3476	125	881
37183	2602	52705	1	1611	1687	242	381	372	397	622	469	464	266	76	9	2110	776	14	286	10	64	38	679	1879	27	713
37183	2702	52801	1	576	483	93	150	60	208	188	209	111	40	0	0	762	297	0	0	0	0	0	250	623	27	159
37183	2702	52801	2	1480	1666	144	512	397	357	630	580	312	123	84	7	2722	324	0	26	8	34	32	712	1804	56	574
37183	2702	52801	3	280	359	41	33	52	82	103	109	77	95	35	12	528	59	0	0	0	52	0	74	320	24	221
37183	2702	52801	4	555	481	105	98	176	230	117	52	52	67	84	55	315	377	0	48	0	243	53	203	479	18	336
37183	2702	52802	1	673	768	89	124	213	204	244	199	137	142	73	16	1136	245	0	0	0	46	14	250	778	7	406
37183	2702	52802	2	645	588	46	128	234	260	180	130	115	95	21	24	750	390	0	57	0	26	10	192	747	52	242
37183	2702	52802	3	784	797	112	226	217	277	281	218	152	69	29	0	1141	386	0	20	0	34	0	338	934	55	254
37183	2702	52802	4	716	665	113	282	40	229	314	136	135	114	18	0	857	346	0	44	0	122	12	395	681	25	280
37183	2702	52803	1	246	289	15	48	35	84	88	76	44	122	17	6	443	68	0	0	0	24	0	63	267	8	197
37183	2601	52803	2	1638	1902	254	640	469	667	552	422	217	196	82	41	1042	2365	8	53	0	31	41	953	1872	48	667
37183	2702	52803	3	410	473	71	140	94	99	167	95	70	68	72	7	627	256	0	0	0	0	0	221	429	29	204
37183	2702	52803	4	199	254	25	73	49	112	100	44	37	6	7	0	188	177	0	14	0	46	28	103	295	21	34
37183	2702	52804	1	669	735	66	185	196	212	175	232	195	115	28	0	1100	199	7	0	0	0	98	288	731	27	358
37183	2702	52804	2	1025	880	132	230	235	281	385	313	192	98	30	9	1409	411	0	16	0	55	14	398	1048	31	428
37183	2601	52804	3	412	491	37	202	150	111	200	122	38	31	4	8	161	706	14	0	0	0	22	256	453	43	151
37183	2601	52804	4	1380	1594	272	520	331	681	557	363	161	57	25	7	684	2115	0	66	0	72	37	849	1625	67	433
37183	2702	52805	1	1938	1925	277	585	447	594	743	547	423	159	72	16	2732	979	0	18	0	71	63	954	2199	66	644
37183	2702	52805	2	43	54	11	0	11	0	17	29	3	5	21	0	0	97	0	0	0	0	0	11	48	0	38
37183	2702	52805	3	1468	1561	201	457	400	377	589	527	216	130	86	46	1874	978	30	32	0	24	91	707	1641	161	520
37183	2702	52805	4	216	261	16	70	36	73	62	31	59	72	58	0	369	81	0	0	0	27	0	93	197	15	172
37183	2702	52900	1	1106	1134	149	422	267	270	435	349	230	69	49	0	1823	343	0	5	0	55	14	594	1217	39	390
37183	2702	52900	2	2296	2364	389	786	528	691	1146	689	210	150	65	6	4045	501	24	14	0	43	33	1259	2571	55	775
37183	2702	52900	3	1844	1857	262	661	350	634	805	490	268	166	60	5	3224	321	0	12	0	95	49	972	2051	64	614
37183	2702	52900	4	877	797	188	252	185	316	326	249	81	29	34	14	1468	92	6	0	0	71	37	469	852	32	321
37183	2701	53001	1	2510	2397	380	825	439	448	1105	983	447	198	73	9	4629	64	0	113	0	62	39	1309	2785	36	777
37183	2701	53001	2	5576	5558	795	2288	1074	955	2549	2017	947	407	81	21	9693	291	8	855	0	97	190	3291	5639	98	2106
37183	2601	53002	1	2319	2152	276	661	651	784	968	558	254	189	111	19	3965	255	0	140	0	0	111	1024	2633	37	777
37183	2601	53002	2	668	622	58	170	212	225	265	134	107	79	40	0	934	249	0	0	0	107	0	228	638	35	389
37183	2702	53002	3	443	540	39	74	142	87	156	139	157	147	42	0	911	48	15	0	0	0	9	113	487	24	359
37183	2702	53002	4	775	729	92	235	155	260	245	231	204	54	28	0	997	450	25	7	0	25	0	336	836	36	296
37183	2702	53002	5	892	738	83	273	173	260	219	360	180	68	14	0	1391	209	0	0	0	30	0	364	909	49	308
37183	2702	53101	1	831	887	171	275	210	367	318	162	76	34	66	39	1366	197	19	11	0	94	31	480	840	22	376
37183	2702	53101	2	1340	1434	227	365	358	475	463	313	182	231	116	44	2278	341	33	27	0	45	50	631	1467	50	626
37183	2702	53101	3	1025	1134	212	394	211	371	375	223	132	138	79	24	1206	905	10	11	0	10	17	640	979	47	493
37183	2702	53101	4	902	1086	155	306	212	310	330	187	158	151	156	23	1508	399	23	0	0	43	15	486	1000	17	485
37183	2702	53101	5	329	320	43	129	75	85	182	87	20	10	18	0	561	80	0	0	0	8	0	180	351	14	104
37183	2702	53103	1	1679	1633	258	591	307	534	785	402	260	106	62	7	2579	656	0	0	0	64	13	893	1846	45	528
37183	2702	53103	2	1349	1229	204	381	317	508	524	371	157	72	24	20	2018	305	0	0	0	255	0	608	1457	40	473
37183	2702	53103	3	1244	1278	191	406	336	468	630	229	151	69	40	2	1913	335	0	43	0	150	81	641	1359	46	476
37183	2702	53104	4	1771	1760	225	594	373	465	741	570	298	176	77	12	3094	304	0	31	0	89	13	859	1900	61	711
37183	2702	53104	5	2102	2054	347	585	534	704	831	562	302	217	67	7	3703	274	0	32	0	60	87	994	2309	111	742
37183	2702	53200	1	893	918	132	292	134	362	379	198	199	66	49	0	1286	416	0	0	0	109	0	438	968	17	388
37183	2702	53200	2	814	813	187	241	172	350	320	213	73	42	22	7	1332	235	2	34	0	5	19	457	900	19	251
37183	2702	53200	3	2177	2338	454	705	428	1180	788	523	240	113	63	21	2971	1319	28	52	0	65	80	1218	2524	67	706
37183	2702	53200	4	3083	3026	604	1132	500	1026	1407	845	417	124	43	11	5194	691	17	44	8	49	106	1807	3278	65	959
37183	2702	53200	5	1483	1548	270	568	219	448	766	466	204	53	30	7	2661	338	0	4	0	15	13	870	1723	47	391
37183	2701	53402	1	1049	1110	254	416	143	618	528	108	41	28	23	0	1813	111	0	182	6	4	43	708	1104	6	341
37183	2701	53402	2	2632	2644	671	1178	316	728	1468	665	179	39	27	5	4605	181	13	388	0	34	55	1922	2531	49	774
37183	2702	53403	1	2075	2027	380	632	321	829	845	554	295	122	82	42	3377	549	0	56	0	43	77	1067	2155	67	813
37183	2702	53403	2	1603	1574	265	502	310	529	696	490	227	113	35	10	2854	105	3	175	0	0	40	818	1777	56	526
37183	2702	53403	3	59	94	9	18	10	20	13	36	15	9	23	0	153	0	0	0	0	0	0	37	74	5	37
37183	2702	53403	4	4554	4673	1042	1555	708	2323	1980	875	445	169	91	39	7685	773	48	425	0	135	161	2685	5181	50	1311
37183	2702	53403	5	374	377	56	68	78	152	194	119	13	41	15	15	629	68	0	24	0	0	30	132	479	12	128
37183	2702	53404	1	1996	2154	419	647	421	840	848	418	190	179	179	9	2861	930	23	174	0	52	110	1131	2208	91	720
37183	2702	53404	2	4889	5129	764	1930	1028	1450	2344	1507	534	292	132	37	8331	1105	28	256	0	181	117	2817	5245	101	1855
37183	2701	53405	1	1890	1928	354	690	266	588	857	560	311	91	19	82	3331	168	0	225	0	52	42	1110	1884	46	778
37183	2701	53406	1	931	981	192	453	97	255	588	218	102	7	0	0	1673	80	28	119	0	0	12	665	1061	15	171
37183	2701	53406	2	451	534	133	153	55	292	217	110	20	5	0	0	841	59	0	69	0	0	16	309	511	0	165
37183	2701	53406	3	1147	1091	172	363	221	356	564	340	63	124	35	0	1852	78	0	222	0	21	65	580	1269	55	334
37183	2701	53407	1	1371	1301	331	469	227	548	613	353	77	26	6	22	1961	193	0	479	0	8	31	823	1415	47	387
37183	2701	53407	2	1727	1796	274	725	310	436	907	400	203	60	100	108	2807	120	52	455	0	15	74	1041	1749	63	670
37183	2701	53501	1	279	339	45	47	64	141	151	50	45	41	34	0	432	147	0	0	0	39	0	111	334	34	139
37183	2701	53501	2	325	434	48	119	114	156	180	94	25	7	16	0	511	47	0	7	0	170	24	167	461	22	109
37183	2701	53501	3	535	456	26	103	100	196	143	204	103	60	48	8	805	125	0	61	0	0	0	138	630	21	202
37183	2701	53501	4	937	760	113	270	302	404	361	167	27	37	16	0	964	269	0	115	0	296	53	391	970	18	318
37183	2701	53501	5	1753	1640	195	469	627	729	457	438	296	103	71	8	2430	333	0	344	0	0	286	696	1999	58	640
37183	2701	53505	1	467	426	36	172	110	75	249	149	87	15	0	0	862	0	0	0	0	31	0	232	506	15	140
37183	2701	53505	2	247	291	12	61	70	81	83	102	74	41	8	6	501	0	0	0	0	37	0	73	335	0	130
37183	2701	53505	3	571	628	66	174	123	104	154	242	147	139	50	0	1124	0	0	28	0	0	47	277	570	7	345
37183	2701	53505	4	533	661	98	181	91	252	223	187	75	37	50	0	985	30	0	125	9	17	28	296	704	15	179
37183	2701	53506	1	380	427	41	81	52	108	151	88	151	75	44	16	726	81	0	0	0	0	0	128	421	27	231
37183	2701	53506	2	520	421	16	91	74	54	120	191	195	120	80	0	834	23	0	60	0	0	24	131	509	24	277
37183	2701	53506	3	557	783	26	253	83	68	252	294	149	134	58	23	1253	54	0	6	0	0	27	313	657	54	316
37183	2701	53506	4	1114	1135	175	394	265	390	443	322	67	70	40	83	1835	101	8	250	0	9	46	614	1150	20	465
37183	2701	53507	1	377	363	49	92	57	111	149	102	51	63	52	14	629	88	0	9	0	8	6	146	426	0	168
37183	2701	53507	2	318	388	18	109	44	92	79	75	54	57	110	68	505	53	7	34	0	44	63	127	263	8	308
37183	2701	53507	3	289	270	18	50	44	74	76	87	72	105	33	0	559	0	0	0	0	0	0	80	374	0	105
37183	2701	53507	4	470	594	68	153	132	274	157	119	93	11	50	7	875	144	0	21	0	10	14	226	636	22	180
37183	2701	53508	1	367	419	31	78	93	40	133	178	147	63	15	8	730	45	0	11	0	0	0	129	451	0	206
37183	2701	53508	2	1720	1697	263	309	720	923	471	366	185	135	27	18	2236	354	80	307	0	199	241	621	1980	85	731
37183	2701	53508	3	497	469	46	84	98	211	169	194	99	16	49	0	828	64	20	7	8	16	23	147	655	21	143
37183	2701	53508	4	742	712	91	229	135	310	302	229	99	33	26	0	1275	140	0	39	0	0	0	349	917	73	115
37183	2701	53508	5	863	841	118	291	171	224	417	290	113	73	7	0	1611	93	0	0	0	0	0	424	992	7	281
37183	2701	53509	1	713	749	37	176	152	69	226	291	227	212	50	22	1382	0	0	70	0	6	4	224	776	0	462
37183	2701	53509	2	1042	1029	119	391	203	101	340	494	266	130	27	0	1927	57	0	87	0	0	0	554	1070	20	427
37183	2701	53509	3	788	728	70	286	219	109	373	346	75	13	6	19	1461	24	0	0	0	0	31	390	819	35	272
37183	2701	53510	1	1608	1671	327	453	558	796	513	427	79	73	46	7	2153	451	32	449	0	5	189	786	1931	57	505
37183	2701	53510	2	1098	849	163	180	297	608	374	180	67	48	24	6	1382	229	0	216	0	34	86	361	1254	24	308
37183	2701	53510	3	737	785	135	223	127	228	300	184	172	89	51	13	1194	52	24	252	0	0	0	390	812	10	310
37183	2701	53510	4	619	644	69	175	131	148	205	260	165	59	51	0	1096	47	0	77	0	0	43	275	678	25	285
37183	2701	53512	1	1098	1048	191	280	195	550	493	264	119	41	9	4	1875	14	31	196	0	0	30	524	1301	0	321
37183	2701	53512	2	889	769	126	320	151	274	416	307	46	9	9	0	1263	127	0	243	0	0	25	456	908	19	275
37183	2701	53512	3	598	742	76	173	127	325	325	210	40	39	25	0	1033	175	11	109	0	6	6	249	844	16	231
37183	2701	53513	1	879	908	72	240	263	559	384	141	72	31	25	0	1382	188	17	165	26	9	0	339	1174	54	220
37183	2701	53513	2	823	865	146	205	192	483	289	187	121	45	10	10	1096	285	19	113	0	82	93	362	1016	38	272
37183	2701	53514	1	1215	1205	252	329	285	708	538	162	89	50	5	2	1894	246	0	221	0	11	48	591	1466	35	328
37183	2701	53514	2	1687	1654	286	601	312	607	820	417	181	80	27	10	2929	131	10	203	0	4	64	933	1810	26	572
37183	2701	53515	1	1157	1337	147	303	465	591	432	356	121	47	24	8	2095	145	0	195	0	43	16	492	1695	62	245
37183	2701	53515	2	666	737	69	233	110	332	309	228	48	41	21	12	1151	108	0	105	0	0	39	331	942	0	130
37183	2701	53515	3	765	744	179	255	85	263	447	167	77	28	8	0	1362	10	29	0	0	0	108	434	885	24	166
37183	2701	53600	1	2662	2608	419	777	500	1050	1171	705	373	194	57	24	4262	329	22	535	2	48	72	1240	3025	75	930
37183	2602	53600	2	2054	2079	360	860	284	509	1108	579	248	138	47	0	3506	304	45	237	0	18	23	1283	1994	44	812
37183	2701	53600	3	21	13	0	6	0	0	9	7	9	3	0	0	29	5	0	0	0	0	0	6	13	0	15
37183	2602	53703	1	6886	7058	1168	2547	1313	2103	3233	2292	870	327	64	27	12076	942	126	523	0	91	186	4031	7647	165	2101
37183	2602	53706	1	410	551	46	129	87	176	124	142	101	94	53	9	704	127	0	81	0	16	33	185	478	0	298
37183	2602	53706	2	3012	3590	379	911	665	865	1151	1107	464	285	472	303	5915	352	0	239	0	69	27	1371	3471	75	1685
37183	2602	53707	1	1822	2019	189	469	546	913	775	551	255	101	42	0	2817	853	0	119	0	0	52	702	2508	69	562
37183	2602	53707	2	961	1149	163	191	142	268	352	388	253	107	134	112	1828	149	0	52	0	55	26	384	1213	8	505
37183	2602	53709	1	2004	1938	216	242	787	1519	580	317	159	116	6	0	3107	491	0	193	17	76	58	487	2894	56	505
37183	2602	53710	1	1878	1932	293	576	399	833	901	420	247	84	48	9	3256	299	0	207	0	22	26	920	2395	7	488
37183	2602	53710	2	1443	1636	166	342	459	887	562	430	136	66	25	6	2277	504	0	161	0	54	83	531	2159	44	345
37183	2602	53711	1	2453	2350	301	734	607	810	909	796	394	156	82	14	4250	282	0	209	0	12	50	1115	2878	26	784
37183	2602	53712	1	1198	1169	159	405	209	197	517	577	186	94	23	0	2270	61	14	0	0	22	0	585	1359	49	374
37183	2602	53713	1	1700	1770	133	224	667	1428	496	316	133	32	33	8	2683	439	52	152	0	55	89	364	2592	118	396
37183	2602	53714	1	1287	1381	134	343	323	471	435	607	223	102	30	0	2269	230	0	113	0	32	24	548	1632	72	416
37183	2602	53714	2	938	880	123	259	229	315	352	267	134	93	46	0	1464	228	0	37	0	48	41	414	1083	7	314
37183	2602	53715	1	758	846	93	159	205	309	267	274	142	139	16	0	1434	129	0	28	0	0	13	267	1004	0	333
37183	2602	53715	2	1006	961	128	376	134	112	460	459	169	96	24	9	1872	0	0	40	0	0	55	561	1066	23	317
37183	2602	53716	1	2091	2255	227	476	712	1108	685	528	357	156	97	0	3244	710	25	114	0	107	146	733	2854	59	700
37183	2703	53801	1	2452	2349	307	942	448	250	970	1089	522	213	45	15	4565	32	7	172	0	25	0	1340	2412	75	974
37183	2703	53801	2	2390	2355	370	833	404	432	1098	972	382	164	90	0	4319	238	7	107	0	22	52	1275	2565	42	863
37183	2602	53802	1	696	825	81	288	142	120	293	363	128	81	19	6	1355	21	0	145	0	0	0	410	753	0	358
37183	2602	53802	2	1849	1752	208	551	293	287	668	897	422	197	71	7	3171	271	0	99	0	19	41	829	1935	42	795
37183	2602	53802	3	1889	1766	264	865	356	175	761	772	342	87	33	0	3328	94	59	65	9	36	64	1219	1606	60	770
37183	2703	53900	1	1032	974	140	296	191	231	423	381	168	87	84	5	1855	138	0	0	0	0	13	444	1104	45	413
37183	2703	53900	2	1360	1381	236	518	228	416	636	344	219	85	44	15	2542	97	27	0	0	51	24	807	1445	35	454
37183	2602	54001	1	1885	1980	259	342	721	891	443	571	324	205	79	30	2675	719	0	87	0	206	178	601	2467	121	676
37183	2602	54001	2	839	835	65	202	148	301	312	252	134	171	48	41	1445	143	0	86	0	0	0	298	1022	13	341
37183	2602	54003	1	3304	3459	324	1123	677	643	1131	1380	903	391	183	8	6104	416	0	148	10	61	24	1545	3530	131	1557
37183	2602	54004	1	2165	2450	217	567	617	903	752	665	441	270	139	44	3300	1025	50	72	5	80	83	825	2838	98	854
37183	2602	54006	1	1700	1604	203	282	571	686	547	472	275	139	38	91	2308	516	0	179	0	180	121	569	1914	226	595
37183	2602	54007	1	1740	1997	228	507	475	738	629	633	382	91	49	5	2898	617	0	79	0	8	135	788	2297	54	598
37183	2602	54008	1	2981	2623	529	585	1163	1725	858	435	212	58	27	12	2050	2350	6	205	0	741	252	1167	3712	160	565
37183	2602	54009	1	1628	1812	315	641	470	713	742	361	120	64	14	0	1334	1683	0	135	0	157	131	1007	1910	52	471
37183	2602	54009	2	2820	2943	624	1060	365	1025	1269	780	368	142	124	6	4119	1230	0	238	0	58	118	1753	3007	52	951
37183	2602	54010	1	3839	4216	833	1278	756	1735	1647	1033	420	236	117	0	6182	1318	35	236	0	149	135	2236	4544	90	1185
37183	2602	54010	2	361	413	82	47	144	256	80	90	32	21	22	0	503	260	0	11	0	0	0	129	525	17	103
37183	2602	54102	1	3831	3726	781	1223	748	1542	1615	848	479	202	97	22	5279	1650	23	196	0	250	159	2068	4298	93	1098
37183	2703	54102	2	1073	1097	142	362	244	357	412	274	189	119	58	13	1373	655	0	12	0	89	41	547	1085	68	470
37183	2602	54104	1	2248	2331	483	751	397	1062	924	528	227	143	64	0	2613	1303	0	254	0	232	177	1297	2491	57	734
37183	2602	54105	1	3332	3508	568	900	522	1747	1459	843	466	174	139	22	5122	1225	35	204	0	127	127	1544	4249	39	1008
37183	2601	54106	1	1666	1576	310	619	375	693	682	340	115	76	27	5	1104	1688	53	27	0	300	70	975	1746	46	475
37183	2601	54106	2	392	515	70	145	82	169	239	108	87	0	7	0	463	373	0	42	0	0	29	215	566	23	103
37183	2703	54107	1	3001	3137	533	1023	714	1116	1220	714	404	217	157	40	4352	1332	20	63	0	281	90	1620	3316	98	1104
37183	2703	54107	2	1231	1189	202	380	324	442	416	316	185	105	38	12	1696	542	8	0	0	164	10	598	1307	12	503
37183	2703	54108	1	389	414	63	96	133	126	95	141	79	35	31	4	645	56	0	7	0	80	15	162	446	15	180
37183	2703	54108	2	1889	2052	366	745	411	850	914	412	107	63	45	28	2135	1641	9	34	0	104	18	1172	2120	57	592
37183	2703	54109	1	478	463	65	148	94	160	203	162	78	31	0	0	842	99	0	0	0	0	0	236	562	0	143
37183	2703	54109	2	815	753	98	247	178	250	333	271	107	47	37	0	1235	266	8	0	0	8	51	371	933	23	241
37183	2703	54201	1	1265	1394	273	436	241	598	567	305	94	78	58	9	2365	202	0	38	0	23	31	755	1458	33	413
37183	2703	54201	2	3192	3189	577	1056	721	1248	1252	837	383	179	95	33	5430	646	0	147	0	47	111	1725	3426	45	1185
37183	2703	54201	3	567	623	107	180	173	215	219	130	75	42	32	17	1007	120	0	24	0	5	34	302	599	27	262
37183	2703	54201	4	518	613	108	206	143	149	185	134	52	88	46	20	404	687	0	14	0	11	15	336	465	27	303
37183	2602	54201	5	1726	2032	306	607	336	610	758	423	245	202	168	103	3285	259	13	28	19	80	74	978	1845	28	907
37183	2703	54202	1	1998	2010	326	771	419	463	962	590	314	109	44	10	3427	482	0	30	0	43	26	1172	2077	34	725
37183	2703	54202	2	1755	1761	294	644	364	520	772	455	226	159	71	11	2909	523	7	0	0	52	25	1007	1791	38	680
37183	2703	54202	3	792	833	108	196	183	238	369	192	180	133	25	1	1509	70	0	5	0	16	25	320	900	14	391
37183	2703	54202	4	882	839	116	333	194	222	325	269	114	122	18	8	1064	580	0	27	0	45	5	494	815	42	370
37183	2703	54301	1	775	822	87	249	218	187	257	291	145	104	59	0	469	1071	6	0	0	31	20	358	801	40	398
37183	2703	54301	2	638	363	38	148	189	134	166	162	110	44	10	0	804	33	0	0	0	161	3	206	630	14	151
37183	2703	54301	3	643	583	103	192	114	184	196	243	82	55	54	3	991	163	8	17	0	47	0	307	635	7	277
37183	2703	54301	4	512	543	48	183	109	149	183	146	120	78	33	6	619	379	9	0	0	48	0	251	480	8	316
37183	2703	54302	1	1180	1405	211	387	316	420	422	338	177	165	101	48	1740	771	10	14	0	33	17	630	1263	47	645
37183	2703	54302	2	545	580	69	184	146	127	178	194	96	66	49	16	652	389	0	15	0	50	19	275	493	41	316
37183	2703	54302	3	318	377	60	109	91	95	155	83	54	16	28	4	390	252	8	0	0	14	31	179	355	12	149
37183	2703	54302	4	646	739	133	201	198	197	197	201	121	52	75	10	573	741	0	0	0	69	2	367	570	59	389
37183	2703	54401	1	1273	1215	234	418	396	352	431	378	175	69	28	7	1889	450	10	0	0	81	58	687	1306	30	465
37183	2703	54401	2	1028	1077	106	380	299	309	403	342	135	52	64	15	1351	632	0	13	0	57	52	515	1072	132	386
37183	2703	54401	3	1391	1725	240	491	329	448	566	341	233	227	188	53	2236	697	2	6	0	113	62	783	1471	34	828
37183	2703	54402	1	466	539	64	175	71	116	180	158	129	67	29	16	736	259	3	1	0	0	6	252	488	17	248
37183	2703	54402	2	900	937	126	298	228	292	328	286	152	79	38	10	1409	339	21	18	0	42	8	462	1019	34	322
37183	2703	54402	3	590	636	109	174	143	192	256	146	114	42	50	0	859	255	0	28	0	45	39	299	653	42	232
